Mean data for UKR  Province= 11: Kiev,  from 1981 to 2026, weekly; version='GC_current'<br>for cropland area only<br>
year,week, SMN,SMT,VCI,TCI, VHI<br>
<tt>1982, 1, 0.077,262.50, 61.42, 34.11, 47.76,
1982, 2, 0.084,264.78, 67.23, 24.00, 45.62,
1982, 3, 0.086,265.88, 67.65, 20.41, 44.03,
1982, 4, 0.084,266.90, 65.13, 19.09, 42.11,
1982, 5, 0.078,266.89, 55.58, 25.02, 40.30,
1982, 6, 0.074,267.40, 46.31, 29.78, 38.04,
1982, 7, 0.072,268.56, 39.36, 30.87, 35.11,
1982, 8, 0.073,269.94, 35.92, 31.50, 33.71,
1982, 9, 0.075,271.37, 33.32, 32.62, 32.97,
1982,10, 0.080,273.17, 30.70, 33.84, 32.27,
1982,11, 0.092,275.25, 31.51, 32.31, 31.91,
1982,12, 0.105,277.25, 31.32, 36.25, 33.78,
1982,13, 0.115,278.87, 27.75, 42.18, 34.96,
1982,14, 0.124,280.35, 21.70, 49.95, 35.82,
1982,15, 0.136,281.65, 14.57, 63.44, 39.01,
1982,16, 0.162,283.34, 13.11, 74.74, 43.93,
1982,17, 0.196,285.43, 15.05, 81.38, 48.22,
1982,18, 0.253,288.41, 26.76, 77.52, 52.14,
1982,19, 0.306,290.87, 36.29, 69.82, 53.06,
1982,20, 0.344,292.39, 39.93, 66.86, 53.40,
1982,21, 0.370,292.89, 40.35, 69.42, 54.88,
1982,22, 0.385,292.87, 37.51, 72.23, 54.87,
1982,23, 0.391,292.79, 32.86, 74.89, 53.87,
1982,24, 0.391,292.69, 28.93, 78.15, 53.54,
1982,25, 0.390,292.63, 26.52, 82.49, 54.51,
1982,26, 0.388,292.56, 24.63, 84.99, 54.81,
1982,27, 0.391,292.92, 27.50, 83.86, 55.68,
1982,28, 0.396,293.41, 35.44, 81.24, 58.34,
1982,29, 0.401,293.84, 43.99, 79.66, 61.82,
1982,30, 0.398,294.02, 47.81, 79.63, 63.72,
1982,31, 0.395,294.33, 48.91, 76.11, 62.51,
1982,32, 0.389,294.52, 47.91, 71.25, 59.58,
1982,33, 0.385,294.49, 49.40, 65.27, 57.34,
1982,34, 0.381,294.34, 54.26, 57.31, 55.78,
1982,35, 0.377,293.86, 61.34, 49.23, 55.28,
1982,36, 0.369,293.13, 67.77, 41.74, 54.76,
1982,37, 0.353,292.07, 71.33, 37.75, 54.54,
1982,38, 0.338,290.49, 74.27, 36.85, 55.56,
1982,39, 0.314,288.69, 72.48, 36.12, 54.30,
1982,40, 0.282,286.77, 66.92, 35.47, 51.20,
1982,41, 0.246,284.72, 57.93, 34.19, 46.06,
1982,42, 0.213,282.78, 50.97, 33.15, 42.06,
1982,43, 0.187,280.67, 49.75, 32.29, 41.02,
1982,44, 0.166,278.85, 50.45, 19.94, 35.20,
1982,45, 0.142,277.07, 47.39, 15.58, 31.48,
1982,46, 0.124,274.88, 48.69, 17.14, 32.91,
1982,47, 0.105,272.56, 47.66, 20.03, 33.85,
1982,48, 0.088,269.77, 42.81, 28.37, 35.59,
1982,49, 0.071,266.91, 33.31, 35.51, 34.41,
1982,50, 0.061,264.20, 29.10, 40.93, 35.02,
1982,51, 0.060,262.45, 33.61, 41.46, 37.54,
1982,52, 0.058,261.91, 35.67, 39.35, 37.51,
1983, 1, 0.056,262.28, 36.50, 34.43, 35.47,
1983, 2, 0.056,262.95, 35.56, 30.71, 33.14,
1983, 3, 0.058,263.67, 38.44, 28.74, 33.59,
1983, 4, 0.061,264.19, 42.13, 29.49, 35.81,
1983, 5, 0.061,264.16, 40.42, 35.20, 37.81,
1983, 6, 0.059,264.10, 35.26, 41.97, 38.61,
1983, 7, 0.060,264.66, 31.77, 45.78, 38.77,
1983, 8, 0.064,265.74, 30.65, 48.16, 39.41,
1983, 9, 0.072,267.32, 31.86, 49.02, 40.44,
1983,10, 0.084,269.56, 33.54, 48.76, 41.15,
1983,11, 0.099,272.46, 35.78, 44.52, 40.15,
1983,12, 0.119,275.73, 38.70, 43.17, 40.94,
1983,13, 0.144,279.21, 42.99, 40.88, 41.93,
1983,14, 0.171,282.30, 46.85, 38.83, 42.84,
1983,15, 0.203,285.11, 50.88, 39.58, 45.23,
1983,16, 0.235,287.26, 52.00, 45.13, 48.56,
1983,17, 0.272,289.54, 54.20, 46.36, 50.28,
1983,18, 0.306,291.30, 54.32, 49.04, 51.68,
1983,19, 0.336,292.72, 53.39, 50.50, 51.94,
1983,20, 0.360,293.80, 49.64, 52.32, 50.98,
1983,21, 0.375,294.32, 44.37, 55.00, 49.69,
1983,22, 0.392,294.81, 43.05, 53.17, 48.11,
1983,23, 0.398,294.73, 39.10, 55.96, 47.53,
1983,24, 0.393,294.25, 31.22, 62.68, 46.95,
1983,25, 0.389,294.21, 26.93, 66.10, 46.52,
1983,26, 0.388,294.42, 25.50, 65.14, 45.32,
1983,27, 0.382,294.47, 22.63, 67.02, 44.82,
1983,28, 0.366,294.20, 17.63, 72.54, 45.09,
1983,29, 0.346,293.94, 12.80, 77.90, 45.35,
1983,30, 0.329,293.85, 10.93, 80.46, 45.70,
1983,31, 0.326,293.83, 12.15, 80.49, 46.32,
1983,32, 0.332,293.94, 15.79, 77.20, 46.50,
1983,33, 0.338,293.99, 22.28, 70.96, 46.62,
1983,34, 0.338,294.05, 29.75, 60.94, 45.34,
1983,35, 0.340,294.29, 41.37, 43.62, 42.49,
1983,36, 0.328,293.48, 46.42, 37.27, 41.85,
1983,37, 0.309,292.27, 48.65, 35.22, 41.94,
1983,38, 0.289,290.80, 48.18, 32.65, 40.42,
1983,39, 0.265,288.63, 45.38, 36.99, 41.18,
1983,40, 0.244,286.68, 43.28, 36.39, 39.83,
1983,41, 0.219,284.43, 39.96, 38.03, 39.00,
1983,42, 0.194,281.82, 38.05, 44.77, 41.41,
1983,43, 0.167,279.49, 36.18, 44.28, 40.23,
1983,44, 0.139,276.52, 33.01, 40.76, 36.89,
1983,45, 0.115,273.48, 28.77, 41.68, 35.22,
1983,46, 0.094,270.66, 25.08, 42.91, 33.99,
1983,47, 0.080,267.93, 25.95, 44.33, 35.14,
1983,48, 0.073,265.91, 29.74, 45.91, 37.83,
1983,49, 0.066,264.07, 28.23, 47.12, 37.67,
1983,50, 0.063,262.41, 32.09, 48.13, 40.11,
1983,51, 0.059,260.46, 33.30, 49.50, 41.40,
1983,52, 0.055,258.35, 33.52, 53.19, 43.36,
1984, 1, 0.054,257.40, 34.81, 53.27, 44.04,
1984, 2, 0.053,256.92, 33.92, 54.54, 44.23,
1984, 3, 0.053,256.31, 34.26, 58.03, 46.14,
1984, 4, 0.052,256.58, 34.06, 59.33, 46.70,
1984, 5, 0.050,257.08, 31.09, 62.38, 46.74,
1984, 6, 0.048,257.52, 26.79, 66.79, 46.79,
1984, 7, 0.047,258.04, 22.98, 70.71, 46.85,
1984, 8, 0.048,258.42, 20.48, 75.50, 47.99,
1984, 9, 0.049,260.45, 18.95, 74.60, 46.78,
1984,10, 0.055,263.76, 18.04, 70.89, 44.47,
1984,11, 0.065,267.79, 17.97, 63.73, 40.85,
1984,12, 0.079,272.25, 18.58, 58.13, 38.36,
1984,13, 0.098,277.17, 19.33, 50.32, 34.82,
1984,14, 0.120,281.63, 19.45, 42.06, 30.76,
1984,15, 0.146,284.85, 19.89, 40.77, 30.33,
1984,16, 0.172,286.89, 18.60, 47.47, 33.03,
1984,17, 0.203,288.94, 18.54, 51.49, 35.01,
1984,18, 0.240,290.52, 19.74, 57.01, 38.37,
1984,19, 0.281,291.47, 23.08, 63.45, 43.26,
1984,20, 0.319,291.94, 26.22, 71.00, 48.61,
1984,21, 0.350,292.04, 29.15, 77.59, 53.37,
1984,22, 0.370,291.84, 29.50, 81.97, 55.74,
1984,23, 0.382,291.37, 29.09, 88.17, 58.63,
1984,24, 0.390,291.22, 30.31, 92.11, 61.21,
1984,25, 0.399,291.55, 34.13, 93.29, 63.71,
1984,26, 0.403,291.70, 35.33, 93.93, 64.63,
1984,27, 0.405,292.00, 37.12, 93.63, 65.37,
1984,28, 0.404,292.45, 41.00, 91.71, 66.35,
1984,29, 0.402,293.00, 44.84, 88.47, 66.65,
1984,30, 0.396,293.36, 46.70, 86.20, 66.45,
1984,31, 0.380,293.22, 40.77, 87.53, 64.15,
1984,32, 0.365,293.11, 34.15, 86.48, 60.32,
1984,33, 0.351,292.75, 29.06, 85.13, 57.10,
1984,34, 0.335,292.20, 27.18, 84.02, 55.60,
1984,35, 0.313,291.08, 25.37, 85.40, 55.38,
1984,36, 0.289,289.85, 24.67, 84.32, 54.49,
1984,37, 0.268,289.04, 26.21, 77.12, 51.66,
1984,38, 0.248,287.88, 25.67, 72.82, 49.25,
1984,39, 0.226,286.34, 22.95, 70.21, 46.58,
1984,40, 0.213,284.84, 24.14, 62.51, 43.33,
1984,41, 0.202,282.99, 28.63, 57.44, 43.04,
1984,42, 0.190,281.30, 35.22, 51.10, 43.16,
1984,43, 0.173,279.49, 40.52, 44.26, 42.39,
1984,44, 0.150,277.00, 40.40, 37.04, 38.72,
1984,45, 0.130,273.86, 39.65, 39.36, 39.51,
1984,46, 0.108,271.06, 36.61, 40.44, 38.52,
1984,47, 0.092,269.02, 36.13, 38.77, 37.45,
1984,48, 0.083,267.44, 37.69, 39.42, 38.56,
1984,49, 0.079,267.96, 39.61, 31.45, 35.53,
1984,50,-1.000, -1.00, -1.00, -1.00, -1.00,
1984,51,-1.000, -1.00, -1.00, -1.00, -1.00,
1984,52,-1.000, -1.00, -1.00, -1.00, -1.00,
1985, 1,-1.000, -1.00, -1.00, -1.00, -1.00,
1985, 2,-1.000, -1.00, -1.00, -1.00, -1.00,
1985, 3,-1.000, -1.00, -1.00, -1.00, -1.00,
1985, 4,-1.000, -1.00, -1.00, -1.00, -1.00,
1985, 5,-1.000, -1.00, -1.00, -1.00, -1.00,
1985, 6,-1.000, -1.00, -1.00, -1.00, -1.00,
1985, 7,-1.000, -1.00, -1.00, -1.00, -1.00,
1985, 8,-1.000, -1.00, -1.00, -1.00, -1.00,
1985, 9, 0.054,266.23, 20.01, 50.94, 35.47,
1985,10, 0.053,266.83, 16.47, 57.77, 37.12,
1985,11, 0.060,269.25, 15.20, 56.69, 35.95,
1985,12, 0.074,272.74, 15.81, 55.36, 35.58,
1985,13, 0.099,277.40, 19.47, 48.87, 34.17,
1985,14, 0.131,281.49, 24.88, 42.84, 33.86,
1985,15, 0.166,284.66, 30.76, 42.39, 36.58,
1985,16, 0.201,287.25, 34.20, 45.01, 39.61,
1985,17, 0.239,289.65, 37.15, 45.37, 41.26,
1985,18, 0.273,291.20, 37.24, 50.04, 43.64,
1985,19, 0.310,292.76, 38.65, 50.15, 44.40,
1985,20, 0.337,293.77, 35.38, 52.48, 43.93,
1985,21, 0.358,293.96, 32.93, 58.50, 45.71,
1985,22, 0.375,294.01, 31.24, 60.96, 46.10,
1985,23, 0.384,293.55, 28.31, 67.45, 47.88,
1985,24, 0.387,292.97, 26.35, 75.48, 50.91,
1985,25, 0.390,293.03, 27.08, 78.52, 52.80,
1985,26, 0.390,293.22, 26.56, 78.25, 52.41,
1985,27, 0.390,293.45, 27.41, 78.40, 52.90,
1985,28, 0.386,293.70, 29.73, 78.19, 53.96,
1985,29, 0.386,294.20, 35.67, 75.22, 55.45,
1985,30, 0.386,294.92, 41.47, 69.43, 55.45,
1985,31, 0.387,295.90, 44.51, 58.63, 51.57,
1985,32, 0.388,296.59, 47.60, 47.85, 47.72,
1985,33, 0.380,296.94, 47.39, 36.01, 41.70,
1985,34, 0.362,296.73, 43.97, 26.55, 35.26,
1985,35, 0.340,295.84, 41.20, 23.15, 32.17,
1985,36, 0.316,294.12, 39.68, 28.77, 34.22,
1985,37, 0.292,292.20, 39.59, 35.95, 37.77,
1985,38, 0.270,290.39, 37.80, 38.09, 37.94,
1985,39, 0.248,288.24, 35.34, 42.24, 38.79,
1985,40, 0.223,285.66, 30.97, 50.67, 40.82,
1985,41, 0.205,283.09, 31.21, 55.90, 43.55,
1985,42, 0.187,280.73, 33.35, 57.67, 45.51,
1985,43, 0.169,278.31, 37.63, 56.18, 46.91,
1985,44, 0.152,275.49, 40.95, 50.66, 45.81,
1985,45, 0.129,272.00, 37.95, 53.22, 45.58,
1985,46, 0.095,267.60, 24.91, 61.95, 43.43,
1985,47, 0.066,263.99, 13.02, 65.30, 39.16,
1985,48, 0.050,260.11,  7.35, 72.59, 39.97,
1985,49, 0.043,256.40,  6.25, 78.18, 42.21,
1985,50, 0.038,253.30,  5.82, 82.59, 44.21,
1985,51, 0.034,250.81,  6.18, 84.81, 45.50,
1985,52, 0.030,248.61,  6.13, 87.11, 46.62,
1986, 1, 0.028,247.71,  4.10, 87.33, 45.72,
1986, 2, 0.028,248.66,  6.33, 85.26, 45.80,
1986, 3, 0.029,251.27,  9.76, 77.99, 43.88,
1986, 4, 0.028,253.63, 11.19, 71.64, 41.42,
1986, 5, 0.028,254.89, 11.52, 71.40, 41.46,
1986, 6, 0.028,256.50, 10.68, 71.54, 41.11,
1986, 7, 0.027,258.91,  8.71, 68.71, 38.71,
1986, 8, 0.028,261.67,  8.09, 64.41, 36.25,
1986, 9, 0.032,264.21,  8.79, 61.24, 35.02,
1986,10, 0.036,266.87,  7.76, 59.19, 33.47,
1986,11, 0.048,270.73,  8.95, 51.35, 30.15,
1986,12, 0.066,275.25, 11.34, 44.51, 27.93,
1986,13, 0.091,279.55, 15.18, 38.13, 26.65,
1986,14, 0.125,283.59, 21.84, 29.44, 25.64,
1986,15, 0.164,287.47, 29.80, 21.07, 25.44,
1986,16, 0.203,290.41, 35.29, 19.02, 27.15,
1986,17, 0.249,292.73, 42.55, 17.48, 30.02,
1986,18, 0.300,294.57, 51.53, 16.73, 34.13,
1986,19, 0.340,296.14, 54.91, 16.06, 35.49,
1986,20, 0.375,297.70, 57.42, 13.10, 35.26,
1986,21, 0.402,298.57, 59.34, 12.68, 36.01,
1986,22, 0.419,298.72, 59.95, 14.83, 37.39,
1986,23, 0.423,298.58, 55.46, 18.40, 36.93,
1986,24, 0.422,298.34, 50.37, 21.93, 36.15,
1986,25, 0.422,298.32, 48.02, 22.92, 35.47,
1986,26, 0.412,297.74, 40.34, 28.85, 34.59,
1986,27, 0.401,296.89, 33.94, 40.25, 37.09,
1986,28, 0.389,296.47, 31.41, 47.18, 39.29,
1986,29, 0.382,296.69, 32.94, 47.27, 40.11,
1986,30, 0.378,296.91, 36.32, 47.67, 42.00,
1986,31, 0.370,296.80, 34.87, 48.68, 41.78,
1986,32, 0.361,296.04, 32.16, 54.03, 43.10,
1986,33, 0.358,295.58, 34.06, 52.43, 43.25,
1986,34, 0.348,294.63, 35.30, 53.93, 44.61,
1986,35, 0.337,293.65, 38.73, 52.51, 45.62,
1986,36, 0.324,292.13, 42.71, 55.36, 49.04,
1986,37, 0.314,290.27, 50.12, 61.84, 55.98,
1986,38, 0.302,288.42, 54.43, 66.41, 60.42,
1986,39, 0.286,286.49, 56.07, 68.89, 62.48,
1986,40, 0.267,284.57, 56.92, 66.99, 61.95,
1986,41, 0.246,282.98, 57.61, 58.22, 57.91,
1986,42, 0.223,281.57, 57.15, 48.17, 52.66,
1986,43, 0.192,279.60, 52.41, 43.42, 47.91,
1986,44, 0.152,276.46, 41.38, 41.72, 41.55,
1986,45, 0.122,273.85, 33.25, 39.17, 36.21,
1986,46, 0.096,271.87, 26.95, 35.43, 31.19,
1986,47, 0.078,269.60, 24.17, 35.58, 29.88,
1986,48, 0.063,267.38, 20.46, 39.32, 29.89,
1986,49, 0.052,264.83, 15.51, 44.09, 29.80,
1986,50, 0.045,261.65, 13.22, 51.00, 32.11,
1986,51, 0.040,258.31, 12.83, 57.65, 35.24,
1986,52, 0.038,255.71, 14.07, 62.91, 38.49,
1987, 1, 0.034,253.57, 10.96, 68.03, 39.49,
1987, 2, 0.032,252.73,  9.72, 71.94, 40.83,
1987, 3, 0.033,252.52, 13.71, 74.75, 44.23,
1987, 4, 0.032,252.71, 13.79, 76.30, 45.05,
1987, 5, 0.029,252.77, 11.29, 80.33, 45.81,
1987, 6, 0.028,253.13, 10.23, 84.82, 47.52,
1987, 7, 0.029,254.50,  9.63, 85.80, 47.72,
1987, 8, 0.032,255.81, 10.35, 87.25, 48.80,
1987, 9, 0.035,257.22, 10.42, 88.67, 49.55,
1987,10, 0.036,258.67,  7.64, 91.94, 49.79,
1987,11, 0.041,260.63,  5.41, 94.24, 49.83,
1987,12, 0.051,263.75,  4.29, 94.97, 49.63,
1987,13, 0.069,267.98,  3.85, 94.98, 49.42,
1987,14, 0.093,272.63,  4.90, 94.97, 49.94,
1987,15, 0.124,277.22,  7.46, 95.41, 51.43,
1987,16, 0.156,281.07,  9.33, 94.33, 51.83,
1987,17, 0.189,284.57, 10.51, 90.63, 50.57,
1987,18, 0.224,287.20, 10.81, 89.37, 50.09,
1987,19, 0.270,288.96, 16.41, 88.33, 52.37,
1987,20, 0.315,290.89, 23.27, 81.43, 52.35,
1987,21, 0.355,292.55, 31.49, 72.51, 52.00,
1987,22, 0.388,293.65, 40.24, 64.53, 52.39,
1987,23, 0.409,294.18, 46.55, 61.35, 53.95,
1987,24, 0.428,294.96, 55.03, 55.63, 55.33,
1987,25, 0.443,295.51, 62.58, 52.47, 57.52,
1987,26, 0.452,295.87, 67.22, 49.25, 58.23,
1987,27, 0.453,296.23, 67.98, 47.82, 57.90,
1987,28, 0.443,296.32, 65.03, 49.24, 57.13,
1987,29, 0.423,296.06, 56.90, 55.12, 56.01,
1987,30, 0.401,295.37, 48.66, 65.31, 56.98,
1987,31, 0.381,294.16, 40.62, 78.02, 59.32,
1987,32, 0.371,293.24, 36.94, 85.47, 61.20,
1987,33, 0.363,292.43, 36.03, 89.30, 62.66,
1987,34, 0.357,291.81, 39.62, 89.46, 64.54,
1987,35, 0.349,291.10, 44.83, 85.98, 65.40,
1987,36, 0.340,290.15, 51.50, 81.35, 66.42,
1987,37, 0.326,289.12, 56.93, 76.76, 66.85,
1987,38, 0.308,287.81, 57.89, 74.54, 66.22,
1987,39, 0.288,286.29, 57.46, 71.56, 64.51,
1987,40, 0.268,285.04, 57.83, 60.21, 59.02,
1987,41, 0.246,282.93, 57.78, 58.75, 58.26,
1987,42, 0.218,280.46, 54.37, 61.56, 57.96,
1987,43, 0.078,263.50, 48.31, 37.01, 42.66,
1987,44, 0.153,275.27, 42.36, 52.86, 47.61,
1987,45, 0.123,272.64, 34.49, 48.50, 41.50,
1987,46, 0.094,270.44, 25.48, 44.52, 35.00,
1987,47, 0.073,268.36, 19.50, 42.36, 30.93,
1987,48, 0.059,266.43, 16.01, 43.79, 29.90,
1987,49, 0.053,265.06, 16.24, 43.27, 29.76,
1987,50, 0.048,264.33, 17.11, 40.62, 28.87,
1987,51, 0.044,263.46, 18.24, 37.83, 28.03,
1987,52, 0.043,262.61, 20.74, 37.08, 28.91,
1988, 1, 0.043,262.16, 22.42, 35.16, 28.79,
1988, 2, 0.044,260.98, 23.74, 39.00, 31.37,
1988, 3, 0.044,260.51, 25.32, 41.95, 33.64,
1988, 4, 0.044,260.73, 27.17, 43.52, 35.34,
1988, 5, 0.047,260.17, 29.00, 50.80, 39.90,
1988, 6, 0.050,260.61, 28.56, 55.04, 41.80,
1988, 7, 0.049,260.96, 24.62, 59.00, 41.81,
1988, 8, 0.049,261.71, 21.95, 62.55, 42.25,
1988, 9, 0.053,262.73, 21.47, 65.83, 43.65,
1988,10, 0.058,264.75, 19.94, 67.08, 43.51,
1988,11, 0.067,267.64, 19.27, 64.43, 41.85,
1988,12, 0.076,270.92, 17.12, 64.07, 40.59,
1988,13, 0.090,274.73, 15.21, 62.74, 38.97,
1988,14, 0.112,278.72, 15.31, 59.98, 37.64,
1988,15, 0.138,281.23, 15.65, 67.11, 41.38,
1988,16, 0.167,283.65, 15.95, 73.45, 44.70,
1988,17, 0.196,285.57, 15.61, 80.29, 47.95,
1988,18, 0.231,287.60, 16.12, 83.21, 49.67,
1988,19, 0.266,289.57, 16.95, 81.04, 48.99,
1988,20, 0.298,291.12, 16.99, 78.18, 47.59,
1988,21, 0.323,291.86, 16.25, 78.25, 47.25,
1988,22, 0.346,292.28, 17.74, 76.84, 47.29,
1988,23, 0.368,292.67, 21.50, 75.09, 48.30,
1988,24, 0.389,293.18, 29.67, 72.73, 51.20,
1988,25, 0.398,293.30, 33.37, 74.73, 54.05,
1988,26, 0.406,293.84, 37.52, 70.83, 54.18,
1988,27, 0.417,294.78, 45.28, 63.51, 54.39,
1988,28, 0.424,295.33, 53.97, 59.97, 56.97,
1988,29, 0.427,295.61, 59.56, 59.54, 59.55,
1988,30, 0.423,295.58, 61.24, 62.44, 61.84,
1988,31, 0.414,295.19, 59.52, 66.56, 63.04,
1988,32, 0.408,295.18, 58.68, 63.99, 61.33,
1988,33, 0.394,295.12, 55.23, 57.95, 56.59,
1988,34, 0.369,294.14, 47.08, 60.15, 53.61,
1988,35, 0.344,293.04, 42.69, 60.50, 51.60,
1988,36, 0.321,291.68, 41.76, 61.05, 51.41,
1988,37, 0.297,290.35, 41.36, 60.44, 50.90,
1988,38, 0.271,289.00, 38.24, 57.88, 48.06,
1988,39, 0.252,287.74, 37.21, 50.29, 43.75,
1988,40, 0.242,286.54, 41.96, 38.72, 40.34,
1988,41, 0.220,283.09, 41.05, 56.42, 48.74,
1988,42, 0.204,280.58, 44.83, 59.87, 52.35,
1988,43, 0.181,276.97, 45.48, 69.38, 57.43,
1988,44, 0.152,272.81, 41.68, 72.87, 57.28,
1988,45, 0.126,269.16, 36.36, 71.03, 53.69,
1988,46, 0.104,266.03, 32.75, 68.35, 50.55,
1988,47, 0.084,263.26, 28.12, 66.83, 47.47,
1988,48, 0.071,261.50, 25.87, 65.51, 45.69,
1988,49, 0.062,260.08, 23.81, 63.38, 43.60,
1988,50, 0.056,259.64, 22.53, 58.71, 40.62,
1988,51, 0.054,259.82, 25.51, 51.59, 38.55,
1988,52, 0.053,260.69, 28.76, 43.89, 36.33,
1989, 1, 0.055,262.20, 32.95, 34.59, 33.77,
1989, 2, 0.060,264.31, 38.07, 25.22, 31.64,
1989, 3, 0.064,266.79, 42.85, 16.12, 29.49,
1989, 4, 0.070,269.07, 49.02, 10.09, 29.56,
1989, 5, 0.078,270.90, 54.05,  9.04, 31.54,
1989, 6, 0.088,272.57, 56.40,  9.39, 32.90,
1989, 7, 0.098,274.04, 57.08,  8.99, 33.04,
1989, 8, 0.108,275.80, 57.75,  8.01, 32.88,
1989, 9, 0.118,277.64, 58.01,  7.84, 32.92,
1989,10, 0.132,279.31, 59.23,  9.34, 34.28,
1989,11, 0.147,281.12, 60.22,  7.71, 33.97,
1989,12, 0.167,282.94, 63.02, 11.39, 37.21,
1989,13, 0.190,284.87, 67.56, 13.01, 40.29,
1989,14, 0.214,286.82, 70.11, 12.29, 41.20,
1989,15, 0.238,288.65, 69.91, 14.80, 42.35,
1989,16, 0.262,290.11, 65.96, 22.65, 44.31,
1989,17, 0.290,291.43, 63.51, 29.58, 46.54,
1989,18, 0.325,292.62, 64.64, 35.98, 50.31,
1989,19, 0.357,293.41, 64.73, 43.35, 54.04,
1989,20, 0.385,293.84, 63.47, 51.53, 57.50,
1989,21, 0.404,294.57, 61.56, 52.14, 56.85,
1989,22, 0.409,294.85, 53.79, 52.53, 53.16,
1989,23, 0.405,294.80, 43.22, 55.08, 49.15,
1989,24, 0.401,294.96, 35.84, 55.51, 45.68,
1989,25, 0.398,295.09, 32.00, 56.82, 44.41,
1989,26, 0.402,295.57, 34.28, 52.43, 43.36,
1989,27, 0.400,295.96, 34.03, 50.61, 42.32,
1989,28, 0.386,296.10, 29.91, 51.24, 40.57,
1989,29, 0.368,295.89, 25.30, 56.10, 40.70,
1989,30, 0.351,295.42, 22.04, 63.60, 42.82,
1989,31, 0.349,295.70, 24.10, 60.52, 42.31,
1989,32, 0.351,296.12, 26.45, 53.05, 39.75,
1989,33, 0.342,295.40, 25.82, 54.40, 40.11,
1989,34, 0.334,294.53, 28.82, 54.81, 41.81,
1989,35, 0.322,293.44, 32.09, 54.52, 43.30,
1989,36, 0.309,292.04, 36.62, 55.71, 46.17,
1989,37, 0.291,290.52, 39.25, 57.49, 48.37,
1989,38, 0.273,288.39, 40.00, 65.29, 52.64,
1989,39, 0.268,287.23, 46.80, 57.02, 51.91,
1989,40, 0.263,286.21, 55.79, 43.08, 49.44,
1989,41, 0.248,284.65, 59.48, 35.09, 47.28,
1989,42, 0.229,282.70, 61.84, 34.16, 48.00,
1989,43, 0.210,280.43, 65.28, 34.73, 50.01,
1989,44, 0.200,278.86, 73.99, 19.82, 46.90,
1989,45, 0.178,277.31, 74.75, 13.69, 44.22,
1989,46, 0.144,274.28, 67.07, 20.80, 43.94,
1989,47, 0.117,271.53, 59.28, 25.46, 42.37,
1989,48, 0.098,269.51, 52.60, 29.64, 41.12,
1989,49, 0.089,268.18, 49.52, 30.43, 39.98,
1989,50, 0.077,266.13, 45.23, 33.44, 39.34,
1989,51, 0.072,265.39, 45.35, 30.19, 37.77,
1989,52, 0.075,266.15, 52.41, 23.44, 37.93,
1990, 1, 0.078,266.90, 59.33, 16.55, 37.94,
1990, 2, 0.081,267.84, 61.86, 11.07, 36.47,
1990, 3, 0.086,268.72, 65.17,  8.09, 36.63,
1990, 4, 0.092,270.17, 69.84,  5.25, 37.54,
1990, 5, 0.101,272.08, 73.43,  3.95, 38.69,
1990, 6, 0.112,274.08, 74.91,  3.22, 39.07,
1990, 7, 0.129,275.51, 78.66,  3.10, 40.88,
1990, 8, 0.148,277.22, 82.80,  2.31, 42.56,
1990, 9, 0.169,279.16, 86.72,  1.69, 44.20,
1990,10, 0.316,289.86, 59.77, 62.41, 61.09,
1990,11, 0.207,282.31, 90.91,  1.90, 46.41,
1990,12, 0.222,284.99, 90.40,  1.80, 46.10,
1990,13, 0.229,286.91, 87.10,  2.37, 44.74,
1990,14, 0.236,287.87, 81.75,  5.18, 43.46,
1990,15, 0.248,288.38, 75.16, 16.10, 45.63,
1990,16, 0.264,288.50, 66.93, 35.47, 51.20,
1990,17, 0.290,289.10, 63.25, 50.68, 56.97,
1990,18, 0.327,290.04, 65.82, 61.96, 63.89,
1990,19, 0.355,290.86, 64.03, 69.79, 66.91,
1990,20, 0.373,291.40, 57.60, 76.45, 67.03,
1990,21, 0.378,291.39, 46.70, 83.69, 65.19,
1990,22, 0.383,291.50, 38.46, 84.98, 61.72,
1990,23, 0.393,292.08, 36.58, 81.24, 58.91,
1990,24, 0.404,292.82, 39.01, 76.53, 57.77,
1990,25, 0.412,293.98, 42.04, 68.31, 55.18,
1990,26, 0.411,294.54, 40.52, 63.65, 52.09,
1990,27, 0.408,294.68, 39.10, 64.77, 51.94,
1990,28, 0.404,294.60, 40.78, 68.19, 54.49,
1990,29, 0.391,294.41, 38.57, 73.24, 55.90,
1990,30, 0.377,294.17, 35.88, 77.75, 56.81,
1990,31, 0.370,294.20, 35.05, 77.38, 56.22,
1990,32, 0.364,294.34, 33.02, 73.44, 53.23,
1990,33, 0.354,293.98, 31.01, 71.35, 51.18,
1990,34, 0.342,293.12, 31.03, 72.89, 51.96,
1990,35, 0.323,291.92, 30.64, 74.92, 52.78,
1990,36, 0.303,290.33, 32.30, 78.47, 55.39,
1990,37, 0.285,288.98, 35.71, 77.73, 56.72,
1990,38, 0.273,287.98, 39.71, 71.33, 55.52,
1990,39, 0.261,286.85, 43.28, 62.71, 52.99,
1990,40, 0.246,285.68, 45.12, 50.52, 47.82,
1990,41, 0.229,284.39, 46.83, 38.04, 42.43,
1990,42, 0.201,282.71, 43.36, 33.67, 38.51,
1990,43, 0.166,279.12, 35.79, 48.10, 41.94,
1990,44, 0.137,275.87, 32.05, 47.09, 39.57,
1990,45, 0.115,273.80, 28.70, 39.63, 34.16,
1990,46, 0.100,271.39, 29.78, 38.29, 34.03,
1990,47, 0.092,269.49, 35.89, 36.23, 36.06,
1990,48, 0.083,267.74, 36.70, 37.95, 37.33,
1990,49, 0.077,266.44, 37.10, 37.56, 37.33,
1990,50, 0.077,265.85, 42.85, 34.32, 38.58,
1990,51, 0.078,265.70, 49.31, 28.72, 39.02,
1990,52, 0.081,265.92, 56.68, 24.02, 40.35,
1991, 1, 0.087,266.42, 68.77, 18.14, 43.45,
1991, 2, 0.097,267.10, 77.79, 13.80, 45.79,
1991, 3, 0.100,267.25, 78.77, 13.83, 46.30,
1991, 4, 0.093,265.62, 71.55, 23.45, 47.50,
1991, 5, 0.080,265.44, 56.54, 29.88, 43.21,
1991, 6, 0.069,266.04, 42.61, 34.03, 38.32,
1991, 7, 0.061,265.99, 31.79, 39.59, 35.69,
1991, 8, 0.058,266.85, 26.52, 42.20, 34.36,
1991, 9, 0.057,267.76, 23.43, 45.30, 34.36,
1991,10, 0.059,269.39, 19.89, 47.55, 33.72,
1991,11, 0.065,271.90, 17.77, 45.01, 31.39,
1991,12, 0.076,275.41, 16.94, 42.95, 29.94,
1991,13, 0.090,279.04, 14.99, 40.43, 27.71,
1991,14, 0.103,281.55, 10.01, 42.60, 26.31,
1991,15, 0.125,283.52,  8.45, 50.85, 29.65,
1991,16, 0.154,285.25,  9.25, 61.21, 35.23,
1991,17, 0.188,286.46, 10.83, 73.81, 42.32,
1991,18, 0.232,288.36, 15.59, 78.11, 46.85,
1991,19, 0.274,289.54, 19.70, 82.76, 51.23,
1991,20, 0.316,290.45, 24.64, 85.80, 55.22,
1991,21, 0.352,291.58, 29.73, 81.85, 55.79,
1991,22, 0.381,292.45, 35.79, 75.98, 55.88,
1991,23, 0.407,293.21, 44.39, 70.56, 57.47,
1991,24, 0.429,294.36, 55.03, 61.41, 58.22,
1991,25, 0.447,295.55, 64.93, 51.67, 58.30,
1991,26, 0.452,296.15, 67.55, 45.90, 56.72,
1991,27, 0.442,295.78, 61.92, 52.31, 57.11,
1991,28, 0.431,295.40, 58.25, 58.97, 58.61,
1991,29, 0.418,295.18, 54.67, 64.20, 59.44,
1991,30, 0.408,294.93, 53.72, 69.22, 61.47,
1991,31, 0.397,294.58, 50.13, 72.97, 61.55,
1991,32, 0.385,294.15, 45.91, 75.15, 60.53,
1991,33, 0.376,293.83, 44.87, 72.86, 58.87,
1991,34, 0.369,293.70, 48.04, 65.42, 56.73,
1991,35, 0.358,293.22, 50.87, 57.70, 54.29,
1991,36, 0.340,292.14, 52.05, 54.87, 53.46,
1991,37, 0.327,291.33, 57.65, 47.48, 52.56,
1991,38, 0.317,291.02, 63.34, 29.56, 46.45,
1991,39, 0.299,289.56, 64.16, 23.31, 43.73,
1991,40, 0.273,287.44, 61.22, 25.70, 43.46,
1991,41, 0.243,285.12, 56.34, 28.28, 42.31,
1991,42, 0.213,281.84, 51.00, 44.28, 47.64,
1991,43, 0.179,278.10, 44.41, 58.44, 51.42,
1991,44, 0.137,274.01, 31.96, 63.59, 47.77,
1991,45, 0.105,270.33, 21.89, 64.92, 43.40,
1991,46, 0.086,268.22, 19.74, 57.96, 38.85,
1991,47, 0.075,266.42, 22.41, 52.29, 37.35,
1991,48, 0.067,264.81, 24.10, 51.00, 37.55,
1991,49, 0.058,263.36, 20.92, 50.21, 35.57,
1991,50, 0.058,263.23, 27.01, 45.00, 36.00,
1991,51, 0.061,264.08, 34.77, 35.52, 35.15,
1991,52, 0.059,264.32, 36.81, 30.72, 33.76,
1992, 1, 0.060,264.20, 39.60, 27.35, 33.47,
1992, 2, 0.061,264.52, 40.51, 24.68, 32.60,
1992, 3, 0.063,264.78, 43.31, 24.43, 33.87,
1992, 4, 0.065,265.05, 45.67, 26.14, 35.90,
1992, 5, 0.063,264.61, 42.12, 33.54, 37.83,
1992, 6, 0.062,264.56, 37.15, 40.14, 38.64,
1992, 7, 0.065,266.12, 34.79, 39.59, 37.19,
1992, 8, 0.069,267.95, 33.53, 38.36, 35.94,
1992, 9, 0.075,270.02, 33.45, 36.71, 35.08,
1992,10, 0.080,272.13, 31.21, 36.55, 33.88,
1992,11, 0.088,274.35, 29.75, 34.46, 32.11,
1992,12, 0.098,276.18, 28.13, 39.31, 33.72,
1992,13, 0.111,277.79, 25.91, 45.92, 35.92,
1992,14, 0.131,280.00, 24.99, 50.51, 37.75,
1992,15, 0.160,282.75, 27.70, 54.84, 41.27,
1992,16, 0.199,285.61, 33.38, 57.11, 45.24,
1992,17, 0.245,288.23, 40.66, 57.52, 49.09,
1992,18, 0.287,290.24, 44.82, 59.49, 52.15,
1992,19, 0.320,291.63, 44.86, 61.56, 53.21,
1992,20, 0.347,292.75, 41.77, 62.75, 52.26,
1992,21, 0.368,293.61, 39.16, 61.86, 50.51,
1992,22, 0.384,294.26, 37.91, 58.34, 48.13,
1992,23, 0.400,294.88, 39.69, 54.40, 47.05,
1992,24, 0.416,295.40, 46.43, 51.10, 48.76,
1992,25, 0.427,295.87, 52.28, 48.54, 50.41,
1992,26, 0.432,296.42, 54.20, 43.17, 48.69,
1992,27, 0.432,296.96, 55.10, 39.43, 47.27,
1992,28, 0.428,297.68, 56.59, 33.70, 45.15,
1992,29, 0.418,298.35, 54.54, 28.87, 41.71,
1992,30, 0.403,298.89, 50.56, 26.79, 38.68,
1992,31, 0.386,299.20, 43.93, 23.15, 33.54,
1992,32, 0.371,299.16, 37.88, 19.70, 28.79,
1992,33, 0.353,298.85, 31.06, 14.36, 22.71,
1992,34, 0.331,297.68, 25.13, 15.31, 20.22,
1992,35, 0.305,295.84, 21.11, 23.50, 22.30,
1992,36, 0.277,293.16, 18.50, 41.50, 30.00,
1992,37, 0.252,290.67, 17.76, 56.19, 36.98,
1992,38, 0.229,288.64, 15.64, 62.93, 39.28,
1992,39, 0.208,285.80, 12.79, 78.61, 45.70,
1992,40, 0.192,282.90, 11.78, 89.72, 50.75,
1992,41, 0.174,280.43, 11.36, 91.28, 51.32,
1992,42, 0.149,278.12,  8.74, 88.79, 48.77,
1992,43, 0.120,275.54,  5.35, 83.86, 44.61,
1992,44, 0.096,273.01,  4.17, 72.84, 38.50,
1992,45, 0.083,270.77,  5.10, 62.01, 33.56,
1992,46, 0.072,269.04,  7.35, 52.98, 30.17,
1992,47, 0.063,267.12, 10.80, 48.72, 29.76,
1992,48, 0.058,265.75, 15.53, 46.97, 31.25,
1992,49, 0.053,264.03, 16.70, 47.64, 32.17,
1992,50, 0.052,263.49, 21.00, 44.03, 32.52,
1992,51, 0.055,263.91, 29.64, 36.23, 32.94,
1992,52, 0.059,263.81, 37.18, 32.64, 34.91,
1993, 1, 0.061,263.66, 42.01, 29.59, 35.80,
1993, 2, 0.063,264.20, 44.72, 26.29, 35.51,
1993, 3, 0.068,265.59, 48.82, 21.50, 35.16,
1993, 4, 0.074,266.79, 54.03, 19.47, 36.75,
1993, 5, 0.078,267.13, 54.91, 23.89, 39.40,
1993, 6, 0.078,266.16, 49.62, 34.24, 41.93,
1993, 7, 0.074,265.25, 40.82, 43.56, 42.19,
1993, 8, 0.067,264.29, 32.52, 53.52, 43.02,
1993, 9, 0.065,263.74, 27.61, 62.31, 44.96,
1993,10, 0.062,262.75, 21.80, 73.98, 47.89,
1993,11, 0.063,262.45, 16.93, 81.65, 49.29,
1993,12, 0.071,263.11, 14.53, 87.38, 50.96,
1993,13, 0.081,265.00, 10.60, 91.73, 51.16,
1993,14, 0.098,267.98,  8.04, 95.08, 51.56,
1993,15, 0.126,273.38,  9.26, 96.07, 52.67,
1993,16, 0.168,280.11, 16.37, 91.27, 53.82,
1993,17, 0.217,285.50, 25.52, 79.77, 52.64,
1993,18, 0.266,288.85, 33.33, 72.61, 52.97,
1993,19, 0.312,290.44, 39.87, 73.52, 56.69,
1993,20, 0.352,291.72, 44.15, 73.36, 58.75,
1993,21, 0.387,293.05, 50.48, 67.85, 59.16,
1993,22, 0.411,293.84, 54.97, 62.78, 58.87,
1993,23, 0.424,294.02, 56.06, 63.01, 59.53,
1993,24, 0.430,293.91, 55.40, 66.33, 60.86,
1993,25, 0.434,293.84, 55.85, 70.16, 63.01,
1993,26, 0.433,293.78, 54.46, 72.03, 63.24,
1993,27, 0.433,293.91, 55.62, 73.14, 64.38,
1993,28, 0.434,294.32, 59.44, 70.87, 65.15,
1993,29, 0.436,294.85, 64.57, 67.58, 66.08,
1993,30, 0.436,295.35, 68.39, 64.57, 66.48,
1993,31, 0.435,295.20, 70.46, 66.17, 68.31,
1993,32, 0.426,294.41, 69.32, 72.16, 70.74,
1993,33, 0.412,293.41, 66.13, 77.41, 71.77,
1993,34, 0.395,292.13, 62.84, 83.90, 73.37,
1993,35, 0.378,290.99, 61.89, 84.58, 73.23,
1993,36, 0.358,289.58, 61.67, 85.57, 73.62,
1993,37, 0.332,288.46, 60.22, 82.70, 71.46,
1993,38, 0.300,287.32, 53.92, 79.23, 66.58,
1993,39, 0.269,286.03, 46.93, 73.72, 60.33,
1993,40, 0.239,284.35, 40.11, 68.43, 54.27,
1993,41, 0.209,282.17, 34.33, 67.29, 50.81,
1993,42, 0.183,279.75, 31.69, 68.40, 50.04,
1993,43, 0.161,277.13, 33.38, 67.26, 50.32,
1993,44, 0.151,274.34, 40.81, 61.06, 50.94,
1993,45, 0.143,271.97, 46.98, 53.52, 50.25,
1993,46, 0.144,270.19, 55.26, 46.12, 50.69,
1993,47, 0.144,269.17, 60.84, 37.97, 49.40,
1993,48, 0.146,268.52, 65.77, 34.17, 49.97,
1993,49, 0.146,268.15, 67.60, 30.58, 49.09,
1993,50, 0.143,268.54, 70.17, 24.08, 47.13,
1993,51, 0.141,268.61, 72.80, 17.91, 45.35,
1993,52, 0.139,268.55, 75.29, 14.69, 44.99,
1994, 1, 0.135,267.97, 77.65, 12.91, 45.28,
1994, 2, 0.084,266.88, 65.68, 15.05, 40.36,
1994, 3, 0.088,265.99, 69.72, 19.35, 44.53,
1994, 4, 0.087,265.63, 68.06, 23.44, 45.75,
1994, 5, 0.086,264.84, 62.68, 32.13, 47.40,
1994, 6, 0.083,264.73, 54.24, 39.02, 46.63,
1994, 7, 0.082,265.18, 46.85, 43.01, 44.93,
1994, 8, 0.084,266.95, 42.72, 42.28, 42.50,
1994, 9, 0.089,268.60, 41.55, 42.69, 42.12,
1994,10, 0.096,271.40, 39.94, 40.44, 40.19,
1994,11, 0.105,274.35, 38.08, 35.58, 36.83,
1994,12, 0.117,277.16, 37.62, 36.08, 36.85,
1994,13, 0.137,280.44, 39.42, 34.01, 36.71,
1994,14, 0.156,283.29, 38.62, 32.03, 35.33,
1994,15, 0.181,285.50, 39.03, 36.79, 37.91,
1994,16, 0.215,287.68, 41.18, 42.05, 41.61,
1994,17, 0.252,289.55, 43.64, 46.65, 45.15,
1994,18, 0.289,290.33, 45.49, 58.87, 52.18,
1994,19, 0.326,290.68, 47.49, 71.05, 59.27,
1994,20, 0.360,290.83, 48.87, 80.92, 64.89,
1994,21, 0.391,291.28, 52.99, 83.73, 68.36,
1994,22, 0.419,291.42, 60.17, 84.98, 72.57,
1994,23, 0.444,291.84, 69.64, 83.24, 76.44,
1994,24, 0.465,292.45, 77.93, 80.28, 79.10,
1994,25, 0.480,293.41, 84.18, 74.61, 79.40,
1994,26, 0.487,294.48, 86.89, 64.53, 75.71,
1994,27, 0.483,294.93, 85.60, 62.03, 73.82,
1994,28, 0.473,295.39, 82.99, 59.50, 71.25,
1994,29, 0.460,295.90, 78.42, 56.71, 67.56,
1994,30, 0.441,295.96, 71.10, 58.48, 64.79,
1994,31, 0.418,295.61, 61.53, 62.01, 61.77,
1994,32, 0.394,294.86, 50.81, 67.31, 59.06,
1994,33, 0.375,293.84, 43.45, 72.37, 57.91,
1994,34, 0.363,293.07, 43.82, 72.32, 58.07,
1994,35, 0.358,292.53, 50.27, 65.24, 57.75,
1994,36, 0.367,292.52, 65.55, 49.70, 57.62,
1994,37,-1.000, -1.00, -1.00, -1.00, -1.00,
1994,38,-1.000, -1.00, -1.00, -1.00, -1.00,
1994,39,-1.000, -1.00, -1.00, -1.00, -1.00,
1994,40,-1.000, -1.00, -1.00, -1.00, -1.00,
1994,41,-1.000, -1.00, -1.00, -1.00, -1.00,
1994,42,-1.000, -1.00, -1.00, -1.00, -1.00,
1994,43,-1.000, -1.00, -1.00, -1.00, -1.00,
1994,44,-1.000, -1.00, -1.00, -1.00, -1.00,
1994,45,-1.000, -1.00, -1.00, -1.00, -1.00,
1994,46,-1.000, -1.00, -1.00, -1.00, -1.00,
1994,47,-1.000, -1.00, -1.00, -1.00, -1.00,
1994,48,-1.000, -1.00, -1.00, -1.00, -1.00,
1994,49,-1.000, -1.00, -1.00, -1.00, -1.00,
1994,50,-1.000, -1.00, -1.00, -1.00, -1.00,
1994,51,-1.000, -1.00, -1.00, -1.00, -1.00,
1994,52,-1.000, -1.00, -1.00, -1.00, -1.00,
1995, 1,-1.000, -1.00, -1.00, -1.00, -1.00,
1995, 2,-1.000, -1.00, -1.00, -1.00, -1.00,
1995, 3,-1.000, -1.00, -1.00, -1.00, -1.00,
1995, 4, 0.084,264.38, 56.65, 28.06, 42.36,
1995, 5, 0.086,266.27, 55.54, 25.62, 40.58,
1995, 6, 0.090,269.03, 54.52, 21.53, 38.03,
1995, 7, 0.097,272.25, 54.06, 15.14, 34.60,
1995, 8, 0.107,275.13, 55.09, 10.44, 32.76,
1995, 9, 0.115,277.24, 55.21,  9.04, 32.13,
1995,10, 0.124,279.00, 54.26,  9.78, 32.02,
1995,11, 0.130,280.12, 51.18, 10.93, 31.05,
1995,12, 0.138,280.84, 48.10, 19.98, 34.04,
1995,13, 0.149,281.81, 45.71, 27.47, 36.59,
1995,14, 0.168,283.67, 45.20, 30.13, 37.66,
1995,15, 0.189,285.74, 43.32, 34.91, 39.11,
1995,16, 0.218,288.21, 42.88, 37.95, 40.41,
1995,17, 0.250,289.50, 42.39, 47.53, 44.96,
1995,18, 0.290,290.90, 45.97, 53.83, 49.90,
1995,19, 0.333,292.28, 51.40, 55.57, 53.48,
1995,20, 0.370,293.28, 54.86, 57.69, 56.27,
1995,21, 0.402,294.49, 59.61, 53.15, 56.38,
1995,22, 0.428,295.75, 65.54, 43.65, 54.60,
1995,23, 0.446,296.33, 70.66, 40.05, 55.35,
1995,24, 0.459,296.55, 74.78, 39.54, 57.16,
1995,25, 0.463,296.52, 74.56, 41.55, 58.05,
1995,26, 0.465,296.66, 74.51, 40.38, 57.44,
1995,27, 0.462,296.94, 73.58, 39.57, 56.58,
1995,28, 0.458,297.28, 74.73, 38.12, 56.42,
1995,29, 0.450,297.36, 72.80, 40.01, 56.40,
1995,30, 0.442,297.24, 71.64, 44.44, 58.04,
1995,31, 0.435,296.93, 70.63, 47.58, 59.11,
1995,32, 0.429,296.58, 70.54, 48.22, 59.38,
1995,33, 0.415,296.15, 67.30, 45.69, 56.50,
1995,34, 0.403,295.70, 66.67, 40.03, 53.35,
1995,35, 0.387,294.96, 65.98, 35.03, 50.50,
1995,36, 0.374,293.70, 69.39, 34.61, 52.00,
1995,37, 0.355,292.09, 71.37, 37.94, 54.66,
1995,38, 0.339,290.34, 73.64, 39.25, 56.45,
1995,39, 0.322,288.86, 75.84, 33.83, 54.83,
1995,40, 0.305,287.37, 79.88, 27.10, 53.49,
1995,41, 0.285,285.78, 82.78, 20.23, 51.51,
1995,42, 0.257,283.41, 79.78, 25.83, 52.80,
1995,43, 0.226,280.59, 74.40, 33.20, 53.80,
1995,44, 0.189,277.34, 64.88, 33.98, 49.43,
1995,45, 0.155,274.24, 55.76, 36.57, 46.16,
1995,46, 0.127,271.67, 48.99, 36.72, 42.85,
1995,47, 0.107,269.64, 46.21, 35.49, 40.85,
1995,48, 0.091,267.96, 41.57, 36.88, 39.23,
1995,49, 0.080,266.12, 36.97, 38.90, 37.94,
1995,50, 0.068,264.18, 29.95, 41.03, 35.49,
1995,51, 0.058,262.17, 24.65, 42.45, 33.55,
1995,52, 0.051,259.87, 21.11, 46.75, 33.93,
1996, 1, 0.046,257.78, 18.99, 50.89, 34.94,
1996, 2, 0.042,256.93, 15.82, 53.81, 34.81,
1996, 3, 0.035,256.70, 11.73, 56.37, 34.05,
1996, 4, 0.031,255.87,  9.80, 62.26, 36.03,
1996, 5, 0.028,255.63,  8.30, 67.77, 38.04,
1996, 6, 0.025,255.30,  6.20, 74.71, 40.46,
1996, 7, 0.024,255.61,  4.98, 79.08, 42.03,
1996, 8, 0.024,257.04,  3.98, 79.89, 41.94,
1996, 9, 0.023,258.71,  3.19, 79.96, 41.57,
1996,10, 0.030,261.85,  3.69, 77.06, 40.38,
1996,11, 0.039,264.90,  4.36, 74.34, 39.35,
1996,12, 0.054,268.44,  5.39, 73.35, 39.37,
1996,13, 0.076,272.27,  7.42, 73.20, 40.31,
1996,14, 0.107,276.34, 11.93, 72.54, 42.24,
1996,15, 0.147,281.46, 20.14, 64.66, 42.40,
1996,16, 0.194,286.21, 30.00, 52.89, 41.45,
1996,17, 0.246,289.99, 40.58, 42.17, 41.38,
1996,18, 0.297,293.10, 49.33, 31.35, 40.34,
1996,19, 0.346,295.02, 58.14, 27.30, 42.72,
1996,20, 0.389,296.77, 65.16, 22.02, 43.59,
1996,21, 0.420,298.07, 70.07, 17.33, 43.70,
1996,22, 0.434,298.51, 68.49, 16.88, 42.69,
1996,23, 0.442,298.83, 66.74, 16.36, 41.55,
1996,24, 0.446,298.93, 64.49, 16.66, 40.58,
1996,25, 0.446,298.55, 61.78, 21.09, 41.43,
1996,26, 0.442,298.04, 58.75, 26.14, 42.45,
1996,27, 0.435,297.47, 55.29, 34.16, 44.73,
1996,28, 0.429,296.90, 55.71, 42.25, 48.98,
1996,29, 0.421,296.42, 55.57, 50.22, 52.90,
1996,30, 0.409,295.91, 53.34, 58.77, 56.05,
1996,31, 0.404,295.64, 53.43, 61.58, 57.51,
1996,32, 0.400,295.44, 54.52, 60.95, 57.73,
1996,33, 0.395,295.01, 56.03, 59.03, 57.53,
1996,34, 0.383,294.21, 56.08, 58.93, 57.50,
1996,35, 0.362,292.75, 52.81, 63.84, 58.32,
1996,36, 0.340,290.59, 51.47, 75.14, 63.30,
1996,37, 0.324,288.74, 55.27, 80.92, 68.09,
1996,38, 0.311,287.68, 58.94, 75.65, 67.30,
1996,39, 0.295,286.84, 61.18, 63.27, 62.23,
1996,40, 0.273,285.59, 60.33, 51.83, 56.08,
1996,41, 0.247,283.99, 57.97, 43.76, 50.86,
1996,42, 0.209,281.67, 47.61, 46.63, 47.12,
1996,43, 0.171,279.02, 38.15, 49.56, 43.85,
1996,44, 0.142,275.97, 33.92, 46.82, 40.37,
1996,45, 0.117,271.98, 29.77, 53.67, 41.72,
1996,46, 0.091,267.20, 22.14, 64.18, 43.16,
1996,47, 0.068,262.42, 15.22, 72.49, 43.85,
1996,48, 0.054,259.63, 11.13, 74.11, 42.62,
1996,49, 0.047,258.65,  9.10, 69.35, 39.23,
1996,50, 0.047,258.89, 12.84, 62.14, 37.49,
1996,51, 0.054,260.22, 23.70, 50.65, 37.17,
1996,52, 0.060,261.52, 33.18, 41.47, 37.33,
1997, 1, 0.069,262.84, 46.97, 32.90, 39.94,
1997, 2, 0.077,264.20, 54.61, 26.19, 40.40,
1997, 3, 0.084,265.64, 60.54, 21.13, 40.83,
1997, 4, 0.093,267.65, 68.09, 15.64, 41.86,
1997, 5, 0.107,269.43, 76.44, 14.55, 45.49,
1997, 6, 0.121,270.82, 79.72, 16.08, 47.90,
1997, 7, 0.129,272.49, 76.23, 15.09, 45.66,
1997, 8, 0.134,274.23, 71.48, 14.28, 42.88,
1997, 9, 0.139,275.90, 67.94, 14.58, 41.26,
1997,10, 0.145,277.75, 64.84, 15.31, 40.08,
1997,11, 0.153,279.74, 61.99, 13.04, 37.52,
1997,12, 0.156,281.85, 56.71, 15.83, 36.27,
1997,13, 0.166,283.88, 53.67, 17.53, 35.60,
1997,14, 0.175,285.22, 48.62, 21.35, 34.99,
1997,15, 0.187,286.68, 42.11, 28.72, 35.41,
1997,16, 0.208,288.27, 37.17, 37.83, 37.50,
1997,17, 0.234,289.73, 34.32, 45.41, 39.87,
1997,18, 0.263,290.90, 31.55, 53.47, 42.51,
1997,19, 0.296,291.90, 30.31, 59.14, 44.73,
1997,20, 0.329,292.82, 30.60, 61.98, 46.29,
1997,21, 0.360,293.05, 33.12, 67.20, 50.16,
1997,22, 0.388,292.78, 38.51, 72.65, 55.58,
1997,23, 0.416,293.17, 49.58, 70.84, 60.21,
1997,24, 0.443,293.82, 63.94, 66.89, 65.41,
1997,25, 0.455,294.01, 70.78, 68.03, 69.40,
1997,26, 0.460,294.02, 72.81, 69.03, 70.92,
1997,27, 0.447,293.40, 65.56, 78.05, 71.81,
1997,28, 0.432,292.93, 59.26, 85.51, 72.39,
1997,29, 0.423,292.87, 57.72, 88.88, 73.30,
1997,30, 0.419,292.93, 59.33, 89.96, 74.64,
1997,31, 0.417,293.10, 61.03, 88.51, 74.77,
1997,32, 0.415,292.99, 62.93, 87.68, 75.31,
1997,33, 0.411,292.64, 64.82, 86.53, 75.67,
1997,34, 0.403,292.14, 66.92, 84.97, 75.94,
1997,35, 0.394,291.33, 70.71, 82.46, 76.58,
1997,36, 0.384,290.49, 75.13, 76.63, 75.88,
1997,37, 0.370,289.42, 79.70, 72.47, 76.09,
1997,38, 0.350,288.11, 80.20, 69.85, 75.02,
1997,39, 0.323,286.28, 76.68, 71.24, 73.96,
1997,40, 0.285,283.85, 68.15, 76.40, 72.27,
1997,41, 0.252,281.57, 61.29, 76.25, 68.77,
1997,42, 0.222,279.07, 56.31, 77.56, 66.94,
1997,43, 0.192,276.16, 52.48, 77.75, 65.12,
1997,44, 0.160,272.79, 47.05, 74.89, 60.97,
1997,45, 0.125,268.73, 36.24, 76.98, 56.61,
1997,46, 0.090,264.56, 22.87, 79.94, 51.40,
1997,47, 0.069,261.50, 17.19, 77.80, 47.49,
1997,48, 0.059,258.61, 16.17, 79.28, 47.72,
1997,49, 0.054,256.37, 16.82, 78.70, 47.76,
1997,50, 0.051,255.10, 19.09, 76.70, 47.89,
1997,51, 0.051,254.73, 25.19, 71.61, 48.40,
1997,52, 0.055,255.24, 32.95, 64.93, 48.94,
1998, 1, 0.062,256.49, 42.93, 57.16, 50.05,
1998, 2, 0.071,258.99, 52.70, 47.13, 49.91,
1998, 3, 0.079,261.97, 60.11, 36.17, 48.14,
1998, 4, 0.088,264.48, 66.55, 28.70, 47.63,
1998, 5, 0.095,266.27, 68.21, 27.20, 47.71,
1998, 6, 0.102,267.82, 67.18, 27.80, 47.49,
1998, 7, 0.104,268.95, 60.80, 29.10, 44.95,
1998, 8, 0.105,270.20, 55.52, 30.52, 43.02,
1998, 9, 0.105,270.67, 50.03, 35.39, 42.71,
1998,10, 0.106,271.03, 44.55, 42.08, 43.32,
1998,11, 0.106,271.69, 38.38, 46.47, 42.43,
1998,12, 0.111,272.94, 33.90, 53.35, 43.62,
1998,13, 0.126,275.09, 33.26, 58.14, 45.70,
1998,14, 0.151,278.18, 35.36, 59.89, 47.62,
1998,15, 0.191,281.88, 43.84, 60.01, 51.92,
1998,16, 0.238,285.48, 53.54, 57.29, 55.41,
1998,17, 0.283,288.26, 59.84, 56.19, 58.01,
1998,18, 0.316,289.86, 59.77, 62.41, 61.09,
1998,19, 0.347,291.29, 58.90, 64.57, 61.74,
1998,20, 0.373,292.29, 56.41, 66.74, 61.57,
1998,21, 0.400,293.19, 58.09, 65.51, 61.80,
1998,22, 0.419,293.70, 59.51, 63.50, 61.51,
1998,23, 0.433,294.14, 61.40, 61.37, 61.38,
1998,24, 0.441,294.43, 62.28, 60.80, 61.54,
1998,25, 0.447,294.40, 64.16, 64.08, 64.12,
1998,26, 0.448,294.28, 63.42, 66.61, 65.01,
1998,27, 0.447,294.43, 64.22, 67.48, 65.85,
1998,28, 0.452,295.15, 70.46, 61.89, 66.18,
1998,29, 0.458,296.04, 77.43, 54.73, 66.08,
1998,30, 0.460,296.51, 81.23, 52.40, 66.82,
1998,31, 0.450,296.24, 79.14, 55.25, 67.20,
1998,32, 0.436,295.56, 74.91, 59.78, 67.34,
1998,33, 0.420,294.53, 70.60, 64.86, 67.73,
1998,34, 0.409,293.66, 70.28, 66.27, 68.28,
1998,35, 0.398,293.15, 72.71, 59.20, 65.96,
1998,36, 0.380,291.94, 72.62, 58.14, 65.38,
1998,37, 0.363,290.49, 75.53, 58.94, 67.24,
1998,38, 0.344,289.01, 76.70, 57.94, 67.32,
1998,39, 0.320,286.81, 75.07, 63.81, 69.44,
1998,40, 0.290,284.23, 70.93, 71.47, 71.20,
1998,41, 0.256,281.72, 64.24, 74.72, 69.48,
1998,42, 0.224,279.17, 57.56, 76.74, 67.15,
1998,43, 0.193,276.45, 52.67, 75.05, 63.86,
1998,44, 0.159,272.66, 45.78, 76.09, 60.93,
1998,45, 0.125,268.83, 35.19, 76.30, 55.74,
1998,46, 0.096,264.70, 25.23, 79.51, 52.37,
1998,47, 0.081,261.27, 24.17, 79.39, 51.78,
1998,48, 0.070,259.37, 23.80, 75.78, 49.79,
1998,49, 0.060,257.82, 20.05, 72.36, 46.20,
1998,50, 0.054,256.27, 19.93, 71.41, 45.67,
1998,51, 0.049,256.43, 20.61, 64.20, 42.41,
1998,52, 0.046,256.79, 21.30, 57.96, 39.63,
1999, 1, 0.044,256.86, 21.14, 54.27, 37.70,
1999, 2, 0.045,256.55, 23.52, 55.27, 39.39,
1999, 3, 0.048,255.95, 28.41, 59.24, 43.82,
1999, 4, 0.052,255.49, 33.42, 63.12, 48.27,
1999, 5, 0.057,255.15, 36.60, 68.50, 52.55,
1999, 6, 0.062,256.24, 36.75, 70.47, 53.61,
1999, 7, 0.068,258.72, 36.89, 67.72, 52.30,
1999, 8, 0.078,261.93, 38.78, 61.94, 50.36,
1999, 9, 0.091,266.14, 41.84, 52.16, 47.00,
1999,10, 0.111,270.45, 46.97, 43.61, 45.29,
1999,11, 0.135,274.23, 53.45, 35.69, 44.57,
1999,12, 0.161,278.56, 59.34, 29.82, 44.58,
1999,13, 0.186,281.98, 64.51, 26.35, 45.43,
1999,14, 0.211,284.24, 67.92, 26.55, 47.24,
1999,15, 0.239,286.25, 71.00, 31.20, 51.10,
1999,16, 0.273,288.42, 72.50, 35.92, 54.21,
1999,17, 0.310,290.05, 74.30, 42.36, 58.33,
1999,18, 0.350,291.14, 77.99, 51.30, 64.64,
1999,19, 0.385,292.39, 80.35, 54.36, 67.36,
1999,20, 0.417,293.71, 81.54, 53.30, 67.42,
1999,21, 0.442,295.25, 84.10, 45.60, 64.85,
1999,22, 0.456,296.42, 83.71, 37.22, 60.47,
1999,23, 0.461,297.20, 80.92, 31.81, 56.36,
1999,24, 0.464,297.96, 77.49, 25.62, 51.55,
1999,25, 0.460,298.39, 72.54, 22.01, 47.28,
1999,26, 0.450,298.27, 64.75, 22.80, 43.78,
1999,27, 0.436,297.77, 56.53, 30.07, 43.30,
1999,28, 0.423,297.30, 52.18, 37.27, 44.73,
1999,29, 0.410,296.95, 48.81, 43.97, 46.39,
1999,30, 0.396,296.58, 46.20, 51.20, 48.70,
1999,31, 0.385,295.92, 42.47, 58.44, 50.45,
1999,32, 0.379,295.12, 40.94, 64.55, 52.75,
1999,33, 0.379,294.73, 45.21, 62.55, 53.88,
1999,34, 0.381,294.43, 53.58, 56.41, 55.00,
1999,35, 0.373,293.55, 58.30, 53.84, 56.07,
1999,36, 0.363,292.86, 63.40, 45.88, 54.64,
1999,37, 0.347,292.40, 67.46, 33.90, 50.68,
1999,38, 0.319,291.32, 63.48, 25.87, 44.68,
1999,39, 0.282,289.10, 53.41, 30.32, 41.87,
1999,40, 0.247,285.86, 44.75, 48.30, 46.53,
1999,41, 0.214,282.37, 36.76, 65.62, 51.19,
1999,42, 0.183,279.82, 30.90, 68.50, 49.70,
1999,43, 0.153,277.08, 26.39, 68.23, 47.31,
1999,44, 0.124,274.12, 22.05, 61.67, 41.86,
1999,45, 0.101,270.95, 17.41, 59.51, 38.46,
1999,46, 0.080,268.57, 12.97, 54.88, 33.93,
1999,47, 0.063,266.95,  9.67, 49.14, 29.40,
1999,48, 0.050,265.22,  7.04, 49.29, 28.16,
1999,49, 0.044,264.17,  6.70, 46.89, 26.79,
1999,50, 0.038,263.91,  6.01, 41.99, 24.00,
1999,51, 0.032,263.38,  4.83, 37.79, 21.31,
1999,52, 0.030,262.34,  5.65, 37.62, 21.64,
2000, 1, 0.031,260.53,  9.35, 40.70, 25.03,
2000, 2, 0.033,259.87, 11.02, 42.35, 26.69,
2000, 3, 0.034,260.13, 14.09, 42.44, 28.26,
2000, 4, 0.037,260.51, 18.05, 43.56, 30.80,
2000, 5, 0.040,260.89, 20.68, 47.13, 33.90,
2000, 6, 0.044,261.87, 22.09, 49.83, 35.96,
2000, 7, 0.047,264.00, 21.34, 47.52, 34.43,
2000, 8, 0.053,266.26, 22.51, 45.12, 33.82,
2000, 9, 0.062,267.88, 25.53, 45.93, 35.73,
2000,10, 0.073,269.95, 27.02, 46.54, 36.78,
2000,11, 0.084,272.67, 27.40, 43.34, 35.37,
2000,12, 0.096,275.77, 26.76, 42.99, 34.88,
2000,13, 0.113,278.97, 26.47, 42.01, 34.24,
2000,14, 0.136,282.09, 27.73, 39.87, 33.80,
2000,15, 0.172,285.33, 33.31, 37.78, 35.55,
2000,16, 0.219,288.06, 42.96, 38.60, 40.78,
2000,17, 0.276,290.25, 55.98, 40.19, 48.09,
2000,18, 0.321,291.75, 62.07, 44.97, 53.52,
2000,19, 0.351,292.86, 60.69, 49.47, 55.08,
2000,20, 0.375,293.94, 56.90, 50.91, 53.91,
2000,21, 0.398,294.95, 56.32, 48.61, 52.46,
2000,22, 0.415,295.49, 56.23, 46.49, 51.36,
2000,23, 0.429,295.88, 57.63, 44.75, 51.19,
2000,24, 0.439,296.00, 60.51, 45.47, 52.99,
2000,25, 0.441,295.87, 60.05, 48.89, 54.47,
2000,26, 0.435,295.50, 55.16, 53.40, 54.28,
2000,27, 0.425,295.02, 50.06, 60.86, 55.46,
2000,28, 0.413,294.59, 46.35, 67.77, 57.06,
2000,29, 0.403,294.38, 45.46, 72.61, 59.04,
2000,30, 0.399,294.47, 48.27, 73.83, 61.05,
2000,31, 0.391,294.18, 46.66, 77.07, 61.87,
2000,32, 0.379,293.57, 41.91, 81.13, 61.52,
2000,33, 0.367,293.19, 38.98, 79.92, 59.45,
2000,34, 0.347,292.42, 34.80, 80.93, 57.87,
2000,35, 0.321,290.83, 30.61, 86.61, 58.61,
2000,36, 0.300,289.42, 31.22, 86.85, 59.03,
2000,37, 0.283,288.36, 34.50, 83.46, 58.98,
2000,38, 0.267,287.81, 36.27, 73.06, 54.67,
2000,39, 0.251,287.32, 36.57, 56.01, 46.29,
2000,40, 0.231,286.68, 35.22, 36.53, 35.87,
2000,41, 0.204,285.43, 31.03, 24.66, 27.84,
2000,42, 0.172,283.89, 24.76, 20.23, 22.49,
2000,43, 0.141,282.09, 20.81, 18.02, 19.42,
2000,44, 0.109,280.04, 15.59,  9.43, 12.51,
2000,45, 0.086,278.11, 13.18,  8.02, 10.60,
2000,46, 0.073,276.38, 14.29,  8.12, 11.20,
2000,47, 0.061,274.73, 15.76,  8.88, 12.32,
2000,48, 0.055,273.55, 17.95, 11.34, 14.65,
2000,49, 0.056,272.26, 21.03, 13.70, 17.37,
2000,50, 0.054,270.53, 22.96, 16.20, 19.58,
2000,51, 0.051,268.79, 23.96, 16.95, 20.46,
2000,52, 0.067,267.36, 39.10, 18.60, 28.85,
2001, 1, 0.079,265.70, 57.29, 20.77, 39.03,
2001, 2, 0.076,263.92, 54.70, 26.14, 40.42,
2001, 3, 0.074,262.76, 53.46, 31.86, 42.66,
2001, 4, 0.073,263.19, 52.55, 33.31, 42.93,
2001, 5, 0.074,263.55, 50.65, 37.69, 44.17,
2001, 6, 0.079,264.43, 50.04, 41.08, 45.56,
2001, 7, 0.083,265.51, 47.42, 42.86, 45.14,
2001, 8, 0.094,267.91, 48.81, 39.87, 44.34,
2001, 9, 0.109,271.10, 52.58, 34.44, 43.51,
2001,10, 0.128,274.12, 57.09, 30.79, 43.94,
2001,11, 0.156,277.07, 64.25, 25.41, 44.83,
2001,12, 0.182,280.09, 70.19, 24.52, 47.35,
2001,13, 0.209,282.98, 76.02, 22.53, 49.28,
2001,14, 0.233,285.02, 79.09, 22.91, 51.00,
2001,15, 0.254,286.30, 77.48, 31.72, 54.60,
2001,16, 0.280,287.98, 74.77, 40.26, 57.51,
2001,17, 0.318,289.89, 77.28, 44.11, 60.70,
2001,18, 0.368,291.03, 85.27, 52.43, 68.85,
2001,19, 0.404,291.52, 87.62, 63.19, 75.41,
2001,20, 0.427,291.92, 86.90, 71.41, 79.16,
2001,21, 0.440,291.91, 82.85, 78.91, 80.88,
2001,22, 0.446,291.67, 77.59, 83.63, 80.61,
2001,23, 0.446,291.54, 70.38, 86.48, 78.43,
2001,24, 0.448,291.99, 66.50, 84.67, 75.59,
2001,25, 0.450,292.96, 65.74, 78.97, 72.35,
2001,26, 0.451,294.08, 65.15, 68.63, 66.89,
2001,27, 0.449,295.44, 64.63, 56.29, 60.46,
2001,28, 0.441,296.42, 62.76, 47.87, 55.32,
2001,29, 0.430,296.77, 60.09, 46.77, 53.43,
2001,30, 0.421,297.12, 59.37, 45.95, 52.66,
2001,31, 0.411,297.27, 56.63, 43.97, 50.30,
2001,32, 0.394,296.65, 49.61, 47.42, 48.52,
2001,33, 0.376,295.76, 42.60, 50.05, 46.32,
2001,34, 0.356,294.77, 38.62, 51.76, 45.19,
2001,35, 0.339,293.20, 38.60, 58.06, 48.33,
2001,36, 0.326,291.69, 43.49, 60.85, 52.17,
2001,37, 0.317,290.19, 51.37, 62.38, 56.88,
2001,38, 0.307,289.04, 56.96, 57.15, 57.06,
2001,39, 0.301,287.93, 64.64, 47.00, 55.82,
2001,40, 0.290,285.98, 70.87, 45.96, 58.42,
2001,41, 0.274,283.19, 75.90, 53.90, 64.90,
2001,42, 0.257,280.64, 80.11, 58.13, 69.12,
2001,43, 0.238,277.88, 82.16, 60.07, 71.11,
2001,44, 0.214,274.32, 82.26, 60.56, 71.41,
2001,45, 0.186,270.71, 79.27, 61.87, 70.57,
2001,46, 0.153,266.90, 72.14, 65.49, 68.82,
2001,47, 0.120,262.67, 60.34, 71.53, 65.94,
2001,48, 0.093,258.09, 45.96, 80.76, 63.36,
2001,49, 0.078,253.96, 37.12, 86.82, 61.97,
2001,50, 0.069,252.12, 33.99, 86.10, 60.05,
2001,51, 0.062,251.41, 32.54, 82.14, 57.34,
2001,52, 0.060,251.07, 34.70, 78.43, 56.57,
2002, 1, 0.058,250.96, 35.47, 75.85, 55.66,
2002, 2, 0.059,252.48, 36.44, 70.83, 53.63,
2002, 3, 0.070,256.66, 48.16, 56.01, 52.08,
2002, 4, 0.084,260.96, 61.59, 41.30, 51.44,
2002, 5, 0.100,264.57, 71.92, 32.39, 52.16,
2002, 6, 0.118,268.15, 77.88, 25.30, 51.59,
2002, 7, 0.141,271.69, 85.07, 17.36, 51.22,
2002, 8, 0.160,274.22, 88.29, 13.65, 50.97,
2002, 9, 0.176,276.63, 89.69, 11.37, 50.53,
2002,10, 0.187,278.36, 87.89, 12.64, 50.26,
2002,11, 0.204,281.01, 88.54,  7.56, 48.05,
2002,12, 0.220,283.63, 88.60,  8.06, 48.33,
2002,13, 0.234,285.45, 89.03,  9.96, 49.49,
2002,14, 0.248,286.74, 87.43, 12.06, 49.74,
2002,15, 0.264,288.56, 83.68, 14.68, 49.18,
2002,16, 0.287,290.38, 79.19, 20.07, 49.63,
2002,17, 0.317,291.64, 77.37, 27.50, 52.44,
2002,18, 0.351,292.34, 77.78, 38.67, 58.22,
2002,19, 0.384,293.06, 78.86, 47.16, 63.01,
2002,20, 0.409,293.66, 76.28, 53.73, 65.01,
2002,21, 0.425,293.90, 73.25, 59.24, 66.25,
2002,22, 0.437,294.15, 70.48, 59.62, 65.05,
2002,23, 0.445,294.46, 69.14, 58.69, 63.91,
2002,24, 0.450,295.06, 67.58, 54.73, 61.16,
2002,25, 0.454,296.08, 67.81, 46.48, 57.15,
2002,26, 0.451,296.88, 64.87, 38.29, 51.58,
2002,27, 0.445,297.64, 61.23, 32.06, 46.64,
2002,28, 0.428,298.16, 54.38, 28.46, 41.42,
2002,29, 0.409,298.14, 47.58, 31.55, 39.57,
2002,30, 0.395,297.89, 44.78, 37.81, 41.30,
2002,31, 0.386,297.54, 42.31, 41.24, 41.78,
2002,32, 0.379,297.10, 40.95, 42.71, 41.83,
2002,33, 0.371,296.54, 39.83, 41.23, 40.53,
2002,34, 0.355,295.49, 37.74, 42.83, 40.28,
2002,35, 0.333,293.94, 34.64, 48.54, 41.59,
2002,36, 0.312,292.22, 35.86, 54.28, 45.07,
2002,37, 0.296,289.90, 39.87, 66.72, 53.29,
2002,38, 0.282,287.52, 43.26, 78.29, 60.78,
2002,39, 0.270,285.62, 46.65, 80.71, 63.68,
2002,40, 0.256,284.11, 50.36, 72.98, 61.67,
2002,41, 0.238,282.20, 52.62, 68.29, 60.46,
2002,42, 0.216,279.85, 52.95, 68.54, 60.74,
2002,43, 0.195,277.51, 54.02, 64.48, 59.25,
2002,44, 0.176,275.24, 55.88, 52.82, 54.35,
2002,45, 0.160,272.90, 58.98, 46.38, 52.68,
2002,46, 0.149,270.26, 66.45, 45.33, 55.89,
2002,47, 0.137,267.11, 72.77, 48.68, 60.72,
2002,48, 0.127,264.84, 73.92, 51.02, 62.47,
2002,49, 0.121,263.93, 75.19, 47.91, 61.55,
2002,50, 0.117,262.72, 78.54, 47.05, 62.80,
2002,51, 0.111,261.49, 78.08, 45.55, 61.81,
2002,52, 0.102,260.93, 73.99, 43.46, 58.72,
2003, 1, 0.092,260.84, 67.26, 40.39, 53.82,
2003, 2, 0.082,260.13, 57.28, 42.62, 49.95,
2003, 3, 0.076,259.79, 51.78, 45.28, 48.53,
2003, 4, 0.074,259.94, 48.69, 47.15, 47.92,
2003, 5, 0.073,260.54, 45.32, 49.85, 47.59,
2003, 6, 0.071,261.06, 40.44, 54.13, 47.28,
2003, 7, 0.073,261.79, 37.04, 57.24, 47.14,
2003, 8, 0.074,262.63, 34.04, 60.35, 47.20,
2003, 9,-1.000, -1.00, -1.00, -1.00, -1.00,
2003,10, 0.091,267.56, 35.65, 55.99, 45.82,
2003,11, 0.111,270.92, 40.37, 50.20, 45.29,
2003,12, 0.134,274.62, 45.27, 47.16, 46.22,
2003,13, 0.155,278.08, 47.94, 45.44, 46.69,
2003,14, 0.177,281.47, 49.36, 42.64, 46.00,
2003,15, 0.199,284.48, 48.77, 43.40, 46.08,
2003,16, 0.224,287.20, 46.36, 45.64, 46.00,
2003,17, 0.254,290.15, 44.67, 41.60, 43.14,
2003,18, 0.288,292.99, 44.66, 33.50, 39.08,
2003,19, 0.323,295.20, 45.09, 26.99, 36.04,
2003,20, 0.357,296.60, 46.58, 25.48, 36.03,
2003,21, 0.385,297.20, 47.78, 27.25, 37.52,
2003,22, 0.404,297.39, 48.42, 28.82, 38.62,
2003,23, 0.417,297.37, 48.78, 31.50, 40.14,
2003,24, 0.416,296.77, 44.48, 38.78, 41.63,
2003,25, 0.410,296.04, 39.50, 47.40, 43.45,
2003,26, 0.404,295.36, 35.70, 54.68, 45.19,
2003,27, 0.400,295.11, 34.32, 59.31, 46.82,
2003,28, 0.398,295.17, 37.09, 61.04, 49.07,
2003,29, 0.399,295.12, 42.19, 64.61, 53.40,
2003,30, 0.398,295.07, 46.83, 67.74, 57.28,
2003,31, 0.399,294.94, 49.89, 69.19, 59.54,
2003,32, 0.394,294.63, 50.00, 69.88, 59.94,
2003,33, 0.387,294.09, 49.92, 69.70, 59.81,
2003,34, 0.377,293.08, 51.47, 73.07, 62.27,
2003,35, 0.372,292.39, 58.02, 69.10, 63.56,
2003,36, 0.364,291.75, 63.89, 60.55, 62.22,
2003,37, 0.347,290.52, 67.27, 58.67, 62.97,
2003,38, 0.325,289.01, 66.23, 57.87, 62.05,
2003,39, 0.296,286.92, 61.59, 61.79, 61.69,
2003,40, 0.261,283.96, 53.05, 73.24, 63.14,
2003,41, 0.231,281.37, 48.09, 76.38, 62.24,
2003,42, 0.209,279.15, 48.34, 74.90, 61.62,
2003,43, 0.192,277.45, 52.15, 64.42, 58.29,
2003,44, 0.174,275.61, 54.74, 49.26, 52.00,
2003,45, 0.151,274.10, 53.06, 37.27, 45.16,
2003,46, 0.129,272.44, 50.93, 31.77, 41.35,
2003,47, 0.112,269.49, 51.24, 36.09, 43.66,
2003,48, 0.102,266.83, 52.58, 41.77, 47.17,
2003,49, 0.094,263.45, 51.47, 49.49, 50.48,
2003,50, 0.087,259.25, 52.70, 59.93, 56.32,
2003,51, 0.080,253.76, 52.07, 74.28, 63.18,
2003,52, 0.072,246.65, 49.02, 89.51, 69.27,
2004, 1, 0.066,240.70, 47.31, 95.16, 71.23,
2004, 2,-1.000, -1.00, -1.00, -1.00, -1.00,
2004, 3,-1.000, -1.00, -1.00, -1.00, -1.00,
2004, 4,-1.000, -1.00, -1.00, -1.00, -1.00,
2004, 5, 0.067,245.44, 46.82, 94.11, 70.46,
2004, 6, 0.072,251.15, 45.25, 87.93, 66.59,
2004, 7, 0.077,255.79, 43.37, 79.77, 61.57,
2004, 8, 0.083,259.35, 41.82, 73.46, 57.64,
2004, 9, 0.087,261.93, 40.13, 70.50, 55.32,
2004,10, 0.089,263.17, 35.71, 74.11, 54.91,
2004,11,-1.000, -1.00, -1.00, -1.00, -1.00,
2004,12,-1.000, -1.00, -1.00, -1.00, -1.00,
2004,13,-1.000, -1.00, -1.00, -1.00, -1.00,
2004,14,-1.000, -1.00, -1.00, -1.00, -1.00,
2004,15,-1.000, -1.00, -1.00, -1.00, -1.00,
2004,16,-1.000, -1.00, -1.00, -1.00, -1.00,
2004,17,-1.000, -1.00, -1.00, -1.00, -1.00,
2004,18,-1.000, -1.00, -1.00, -1.00, -1.00,
2004,19,-1.000, -1.00, -1.00, -1.00, -1.00,
2004,20,-1.000, -1.00, -1.00, -1.00, -1.00,
2004,21,-1.000, -1.00, -1.00, -1.00, -1.00,
2004,22,-1.000, -1.00, -1.00, -1.00, -1.00,
2004,23,-1.000, -1.00, -1.00, -1.00, -1.00,
2004,24,-1.000, -1.00, -1.00, -1.00, -1.00,
2004,25, 0.426,295.98, 48.82, 46.70, 47.76,
2004,26, 0.416,296.09, 42.90, 45.70, 44.30,
2004,27, 0.411,295.85, 40.79, 50.62, 45.71,
2004,28, 0.406,295.68, 41.56, 54.89, 48.22,
2004,29,-1.000, -1.00, -1.00, -1.00, -1.00,
2004,30, 0.400,295.19, 47.38, 65.73, 56.55,
2004,31, 0.402,295.14, 51.40, 66.60, 59.00,
2004,32, 0.406,294.97, 56.69, 65.88, 61.28,
2004,33, 0.406,294.54, 61.51, 64.26, 62.88,
2004,34, 0.413,294.03, 72.30, 61.00, 66.65,
2004,35, 0.410,293.32, 78.94, 56.38, 67.66,
2004,36, 0.398,292.69, 81.49, 47.93, 64.71,
2004,37, 0.378,291.35, 82.94, 47.24, 65.09,
2004,38, 0.355,289.42, 82.10, 51.64, 66.87,
2004,39, 0.331,287.47, 80.74, 53.83, 67.28,
2004,40, 0.304,285.38, 78.90, 54.99, 66.95,
2004,41, 0.276,283.34, 76.39, 52.69, 64.54,
2004,42, 0.252,281.34, 75.59, 50.54, 63.07,
2004,43, 0.228,279.36, 75.73, 45.44, 60.59,
2004,44, 0.199,276.67, 72.01, 39.66, 55.83,
2004,45, 0.163,272.59, 62.44, 48.38, 55.41,
2004,46, 0.129,267.92, 52.66, 58.73, 55.70,
2004,47, 0.110,265.08, 51.33, 57.90, 54.62,
2004,48, 0.097,263.40, 49.67, 56.23, 52.95,
2004,49, 0.087,262.49, 46.66, 52.81, 49.73,
2004,50, 0.083,261.96, 49.51, 49.07, 49.29,
2004,51, 0.085,262.27, 57.22, 41.74, 49.48,
2004,52, 0.085,262.04, 61.93, 38.76, 50.35,
2005, 1, 0.082,260.85, 63.32, 39.77, 51.54,
2005, 2, 0.080,260.27, 60.44, 40.99, 50.72,
2005, 3, 0.075,259.01, 55.05, 46.61, 50.83,
2005, 4, 0.071,257.38, 49.89, 55.01, 52.45,
2005, 5, 0.063,255.17, 40.29, 67.16, 53.72,
2005, 6, 0.056,253.90, 31.40, 77.21, 54.31,
2005, 7, 0.054,254.12, 26.18, 82.33, 54.26,
2005, 8, 0.055,255.93, 24.13, 82.48, 53.31,
2005, 9, 0.059,257.75, 24.19, 82.27, 53.23,
2005,10, 0.067,260.51, 23.81, 81.29, 52.55,
2005,11, 0.082,264.56, 26.48, 76.05, 51.26,
2005,12, 0.106,269.59, 31.35, 69.81, 50.58,
2005,13, 0.134,274.21, 37.50, 66.10, 51.80,
2005,14, 0.163,278.74, 41.73, 60.63, 51.18,
2005,15, 0.188,282.63, 41.73, 57.59, 49.66,
2005,16, 0.213,285.02, 39.63, 62.18, 50.91,
2005,17,-1.000, -1.00, -1.00, -1.00, -1.00,
2005,18, 0.284,288.06, 41.95, 76.21, 59.08,
2005,19, 0.327,289.71, 47.49, 77.61, 62.55,
2005,20, 0.370,293.28, 54.86, 57.69, 56.27,
2005,21, 0.410,292.96, 64.29, 67.95, 66.12,
2005,22, 0.436,293.51, 70.65, 65.82, 68.23,
2005,23, 0.452,293.66, 73.86, 66.58, 70.22,
2005,24, 0.462,294.11, 76.14, 64.40, 70.27,
2005,25, 0.466,294.23, 75.77, 66.15, 70.96,
2005,26, 0.466,294.61, 75.18, 63.17, 69.17,
2005,27, 0.469,295.47, 77.13, 56.18, 66.66,
2005,28, 0.463,295.96, 76.30, 52.96, 64.63,
2005,29, 0.449,295.86, 71.08, 56.60, 63.84,
2005,30, 0.441,296.24, 70.36, 55.21, 62.79,
2005,31, 0.435,296.27, 69.66, 54.76, 62.21,
2005,32, 0.432,296.37, 71.34, 50.57, 60.96,
2005,33, 0.427,296.45, 72.53, 42.16, 57.35,
2005,34, 0.421,296.33, 74.73, 32.08, 53.40,
2005,35, 0.411,295.94, 77.37, 22.85, 50.11,
2005,36, 0.398,295.30, 80.31, 15.71, 48.01,
2005,37, 0.383,294.40, 84.10, 11.41, 47.75,
2005,38, 0.362,293.06, 83.89,  7.70, 45.80,
2005,39, 0.336,291.36, 81.57,  5.80, 43.69,
2005,40, 0.312,288.89, 81.87,  9.42, 45.64,
2005,41, 0.286,286.37, 80.93, 13.00, 46.97,
2005,42, 0.257,283.88, 77.64, 19.72, 48.68,
2005,43, 0.224,281.47, 72.41, 23.82, 48.12,
2005,44, 0.192,278.76, 66.74, 20.27, 43.51,
2005,45, 0.159,275.61, 59.12, 25.84, 42.48,
2005,46, 0.131,272.64, 53.75, 30.41, 42.08,
2005,47, 0.110,269.81, 50.26, 34.33, 42.30,
2005,48, 0.094,267.18, 45.76, 40.07, 42.91,
2005,49, 0.083,265.06, 41.84, 42.80, 42.32,
2005,50, 0.080,264.13, 44.94, 40.81, 42.88,
2005,51, 0.078,263.50, 48.31, 37.01, 42.66,
2005,52, 0.076,262.67, 49.72, 36.17, 42.94,
2006, 1, 0.073,260.58, 51.70, 40.48, 46.09,
2006, 2, 0.073,259.31, 51.70, 44.84, 48.27,
2006, 3, 0.073,259.04, 50.25, 47.43, 48.84,
2006, 4, 0.070,258.25, 47.28, 53.36, 50.32,
2006, 5, 0.066,257.96, 41.68, 59.54, 50.61,
2006, 6, 0.060,258.38, 33.64, 64.02, 48.83,
2006, 7, 0.058,259.52, 28.55, 65.41, 46.98,
2006, 8, 0.059,260.95, 25.82, 65.70, 45.76,
2006, 9, 0.058,261.74, 23.03, 68.75, 45.89,
2006,10, 0.062,263.65, 20.80, 69.49, 45.15,
2006,11, 0.070,267.01, 20.00, 64.80, 42.40,
2006,12, 0.082,270.80, 19.32, 62.45, 40.88,
2006,13, 0.102,275.22, 20.54, 58.33, 39.44,
2006,14, 0.125,279.33, 21.66, 54.76, 38.21,
2006,15, 0.153,283.05, 23.04, 53.11, 38.07,
2006,16, 0.184,286.19, 24.77, 52.99, 38.88,
2006,17, 0.213,288.17, 23.31, 58.57, 40.94,
2006,18, 0.244,289.95, 21.19, 62.65, 41.92,
2006,19, 0.277,291.42, 20.31, 64.04, 42.17,
2006,20, 0.311,292.21, 20.95, 68.31, 44.63,
2006,21, 0.345,292.67, 24.60, 71.13, 47.87,
2006,22, 0.375,292.95, 31.12, 71.35, 51.24,
2006,23, 0.406,293.55, 43.04, 67.87, 55.46,
2006,24, 0.436,294.49, 58.79, 60.87, 59.83,
2006,25, 0.459,295.31, 71.78, 54.94, 63.36,
2006,26, 0.477,296.08, 82.55, 47.25, 64.90,
2006,27, 0.485,296.58, 88.18, 43.87, 66.03,
2006,28, 0.480,296.66, 87.83, 45.24, 66.54,
2006,29, 0.474,296.60, 86.68, 48.61, 67.65,
2006,30, 0.467,296.40, 84.71, 53.69, 69.20,
2006,31, 0.456,296.18, 81.89, 56.00, 68.95,
2006,32, 0.441,295.85, 77.17, 56.60, 66.88,
2006,33, 0.419,295.11, 69.41, 58.14, 63.78,
2006,34, 0.401,294.30, 65.16, 58.04, 61.60,
2006,35, 0.392,293.61, 68.71, 53.09, 60.90,
2006,36, 0.381,292.89, 73.00, 45.56, 59.28,
2006,37, 0.367,292.15, 78.14, 37.26, 57.70,
2006,38, 0.352,290.88, 80.91, 31.91, 56.41,
2006,39, 0.336,289.55, 83.62, 23.62, 53.62,
2006,40, 0.315,287.73, 85.85, 21.71, 53.78,
2006,41, 0.284,285.53, 82.06, 23.03, 52.54,
2006,42, 0.260,283.65, 81.42, 22.33, 51.88,
2006,43, 0.237,281.49, 81.76, 23.79, 52.77,
2006,44, 0.206,279.29, 76.95, 15.51, 46.23,
2006,45, 0.171,277.34, 68.36, 13.07, 40.72,
2006,46, 0.140,275.81, 61.40, 11.28, 36.34,
2006,47, 0.125,275.34, 64.48,  5.70, 35.09,
2006,48, 0.124,275.55, 73.47,  2.21, 37.84,
2006,49, 0.121,275.31, 76.49,  1.22, 38.85,
2006,50, 0.120,274.42, 83.54,  0.97, 42.25,
2006,51, 0.116,272.89, 85.99,  1.29, 43.64,
2006,52, 0.113,272.18, 88.71,  1.19, 44.95,
2007, 1, 0.109,271.04, 92.00,  1.55, 46.77,
2007, 2, 0.101,269.57, 83.52,  4.81, 44.17,
2007, 3, 0.096,268.67, 75.96,  8.69, 42.33,
2007, 4, 0.091,267.65, 70.22, 15.54, 42.88,
2007, 5, 0.085,266.79, 60.41, 24.84, 42.63,
2007, 6, 0.081,266.39, 51.03, 33.23, 42.13,
2007, 7, 0.082,266.80, 45.57, 37.44, 41.50,
2007, 8, 0.090,269.00, 46.20, 35.19, 40.69,
2007, 9, 0.107,272.25, 51.19, 29.41, 40.30,
2007,10, 0.132,276.15, 58.89, 21.95, 40.42,
2007,11, 0.159,279.31, 65.86, 14.74, 40.30,
2007,12, 0.181,281.74, 69.68, 16.11, 42.90,
2007,13, 0.205,284.52, 74.23, 14.15, 44.19,
2007,14, 0.231,286.92, 78.44, 10.82, 44.63,
2007,15, 0.254,288.54, 77.88, 15.12, 46.50,
2007,16, 0.282,290.24, 76.11, 22.18, 49.14,
2007,17, 0.312,292.20, 74.27, 23.94, 49.10,
2007,18, 0.342,294.14, 73.11, 22.11, 47.61,
2007,19, 0.369,295.78, 70.97, 20.36, 45.67,
2007,20, 0.394,296.85, 68.00, 21.95, 44.98,
2007,21, 0.415,297.60, 67.23, 22.67, 44.95,
2007,22, 0.430,298.18, 66.00, 20.84, 43.42,
2007,23, 0.440,298.45, 63.92, 20.83, 42.37,
2007,24, 0.443,298.22, 60.64, 24.37, 42.51,
2007,25, 0.441,297.81, 57.17, 29.29, 43.23,
2007,26, 0.439,297.90, 55.18, 28.11, 41.65,
2007,27, 0.436,298.29, 54.42, 25.79, 40.10,
2007,28, 0.432,298.27, 55.79, 27.81, 41.80,
2007,29, 0.428,297.96, 57.94, 33.49, 45.72,
2007,30, 0.421,297.67, 58.73, 39.80, 49.27,
2007,31, 0.413,297.35, 57.57, 43.22, 50.40,
2007,32, 0.405,297.06, 56.32, 43.22, 49.77,
2007,33, 0.393,296.38, 53.56, 43.38, 48.47,
2007,34, 0.380,295.56, 53.43, 42.24, 47.83,
2007,35, 0.369,294.71, 55.90, 38.75, 47.32,
2007,36, 0.357,293.57, 59.99, 36.74, 48.36,
2007,37, 0.340,292.25, 63.61, 36.03, 49.82,
2007,38, 0.323,290.92, 65.45, 31.65, 48.55,
2007,39, 0.300,289.23, 63.40, 28.93, 46.16,
2007,40, 0.277,287.48, 62.52, 25.75, 44.13,
2007,41, 0.250,284.96, 60.04, 30.62, 45.33,
2007,42, 0.216,281.42, 51.92, 49.19, 50.55,
2007,43, 0.176,277.48, 41.68, 63.71, 52.70,
2007,44, 0.145,273.70, 35.79, 65.70, 50.74,
2007,45, 0.118,269.91, 30.03, 67.54, 48.79,
2007,46, 0.095,266.57, 24.84, 67.71, 46.28,
2007,47, 0.074,263.20, 19.20, 69.05, 44.13,
2007,48, 0.062,260.98, 17.33, 68.67, 43.00,
2007,49, 0.055,259.52, 16.55, 66.11, 41.33,
2007,50, 0.053,258.95, 19.25, 61.83, 40.54,
2007,51, 0.056,259.41, 27.81, 53.66, 40.73,
2007,52, 0.062,260.46, 37.10, 45.27, 41.19,
2008, 1, 0.072,262.71, 51.82, 33.04, 42.43,
2008, 2, 0.088,265.15, 68.03, 22.02, 45.03,
2008, 3, 0.101,267.01, 79.47, 15.13, 47.30,
2008, 4, 0.110,269.11, 86.10,  9.51, 47.81,
2008, 5, 0.120,271.02, 88.73,  8.08, 48.41,
2008, 6, 0.131,272.83, 88.44,  8.01, 48.22,
2008, 7, 0.141,274.60, 85.64,  6.48, 46.06,
2008, 8, 0.147,276.13, 81.49,  6.61, 44.05,
2008, 9, 0.153,277.77, 77.62,  7.28, 42.45,
2008,10, 0.160,279.12, 73.94,  9.83, 41.89,
2008,11, 0.171,280.53, 72.24,  9.41, 40.82,
2008,12, 0.182,281.87, 70.42, 15.30, 42.86,
2008,13, 0.203,283.53, 73.20, 18.58, 45.89,
2008,14, 0.232,285.67, 78.67, 17.67, 48.17,
2008,15, 0.270,287.43, 85.61, 22.17, 53.89,
2008,16, 0.313,288.78, 91.68, 32.45, 62.07,
2008,17, 0.351,290.08, 93.08, 41.44, 67.26,
2008,18, 0.379,290.97, 91.62, 52.63, 72.12,
2008,19, 0.406,291.96, 90.30, 58.60, 74.45,
2008,20, 0.422,292.69, 83.44, 63.33, 73.39,
2008,21, 0.439,293.57, 81.32, 62.27, 71.80,
2008,22, 0.454,294.48, 81.33, 56.32, 68.82,
2008,23, 0.465,295.25, 82.12, 50.89, 66.50,
2008,24, 0.477,296.02, 85.29, 45.06, 65.17,
2008,25, 0.482,296.42, 85.62, 43.02, 64.32,
2008,26, 0.481,296.94, 83.68, 37.81, 60.75,
2008,27, 0.475,297.49, 80.50, 34.15, 57.32,
2008,28, 0.465,297.70, 76.84, 33.93, 55.38,
2008,29, 0.457,298.15, 74.86, 31.54, 53.20,
2008,30, 0.444,298.62, 71.24, 30.10, 50.67,
2008,31, 0.424,297.63, 62.98, 40.57, 51.77,
2008,32, 0.409,297.30, 57.50, 40.84, 49.17,
2008,33, 0.390,297.98, 50.62, 24.70, 37.66,
2008,34, 0.365,297.41, 43.04, 18.83, 30.94,
2008,35, 0.334,296.07, 35.33, 21.00, 28.17,
2008,36, 0.299,294.00, 28.00, 31.29, 29.64,
2008,37, 0.263,291.61, 22.64, 44.35, 33.49,
2008,38, 0.241,289.84, 21.40, 46.08, 33.74,
2008,39, 0.231,288.55, 24.88, 38.14, 31.51,
2008,40, 0.230,287.30, 33.49, 27.72, 30.60,
2008,41, 0.225,286.04, 43.46, 16.05, 29.76,
2008,42, 0.220,285.20, 54.92,  3.81, 29.36,
2008,43, 0.210,283.74, 63.60,  1.20, 32.40,
2008,44, 0.192,280.43, 66.84,  5.36, 36.10,
2008,45, 0.176,277.84, 71.35,  9.66, 40.51,
2008,46, 0.156,276.27, 74.00,  8.58, 41.29,
2008,47, 0.132,273.33, 70.59, 16.03, 43.31,
2008,48, 0.107,269.55, 58.77, 29.38, 44.08,
2008,49, 0.086,265.82, 45.71, 39.96, 42.84,
2008,50, 0.070,262.70, 37.74, 46.85, 42.29,
2008,51, 0.063,260.44, 35.00, 49.24, 42.12,
2008,52, 0.059,258.93, 35.19, 50.35, 42.77,
2009, 1, 0.055,257.83, 33.56, 50.75, 42.15,
2009, 2, 0.053,257.98, 31.24, 49.52, 40.38,
2009, 3, 0.055,259.36, 33.80, 45.44, 39.62,
2009, 4, 0.055,260.62, 34.39, 43.06, 38.72,
2009, 5, 0.055,261.42, 33.16, 45.31, 39.24,
2009, 6, 0.059,262.71, 33.97, 46.92, 40.45,
2009, 7, 0.067,265.03, 35.37, 43.87, 39.62,
2009, 8, 0.074,267.14, 35.99, 42.03, 39.01,
2009, 9, 0.084,269.01, 38.38, 41.72, 40.05,
2009,10, 0.098,271.42, 41.00, 40.80, 40.90,
2009,11, 0.119,275.05, 45.80, 33.12, 39.46,
2009,12, 0.147,279.03, 52.32, 28.42, 40.37,
2009,13, 0.181,283.02, 61.81, 21.72, 41.76,
2009,14, 0.217,286.56, 70.95, 13.01, 41.98,
2009,15, 0.249,289.62, 75.14,  7.63, 41.39,
2009,16, 0.278,292.19, 74.02,  7.11, 40.56,
2009,17, 0.304,293.78, 69.78, 10.31, 40.04,
2009,18, 0.329,294.79, 65.78, 15.99, 40.88,
2009,19, 0.357,296.23, 63.77, 16.11, 39.94,
2009,20, 0.384,297.28, 62.01, 17.61, 39.81,
2009,21, 0.407,297.68, 62.10, 21.50, 41.80,
2009,22, 0.429,298.11, 65.28, 21.12, 43.20,
2009,23, 0.447,298.86, 69.59, 16.45, 43.02,
2009,24, 0.457,299.45, 71.57, 12.00, 41.78,
2009,25, 0.462,299.52, 71.92, 11.33, 41.62,
2009,26, 0.462,299.42, 70.75, 11.54, 41.15,
2009,27, 0.462,299.46, 72.17, 12.68, 42.42,
2009,28, 0.451,298.98, 68.22, 19.56, 43.89,
2009,29, 0.437,298.46, 63.73, 27.83, 45.78,
2009,30, 0.427,298.15, 61.75, 34.97, 48.36,
2009,31, 0.416,298.03, 58.63, 36.07, 47.35,
2009,32, 0.404,297.77, 54.78, 35.39, 45.08,
2009,33, 0.389,297.48, 49.94, 30.52, 40.23,
2009,34, 0.369,297.28, 45.11, 20.45, 32.78,
2009,35, 0.347,296.89, 42.16, 10.56, 26.36,
2009,36, 0.324,296.06, 41.24,  5.17, 23.20,
2009,37, 0.301,294.70, 41.92,  5.15, 23.54,
2009,38, 0.277,292.49, 39.86, 10.67, 25.27,
2009,39, 0.252,290.01, 35.80, 17.44, 26.62,
2009,40, 0.229,288.18, 32.23, 15.49, 23.86,
2009,41, 0.200,285.85, 26.35, 18.54, 22.45,
2009,42, 0.172,282.80, 23.04, 32.25, 27.64,
2009,43, 0.148,279.53, 23.00, 43.34, 33.17,
2009,44, 0.125,276.16, 22.46, 43.59, 33.03,
2009,45, 0.106,273.28, 21.06, 43.18, 32.12,
2009,46, 0.094,270.57, 23.63, 43.47, 33.55,
2009,47, 0.083,266.96, 26.85, 49.36, 38.11,
2009,48, 0.077,263.52, 30.20, 56.82, 43.51,
2009,49, 0.073,260.00, 32.03, 63.74, 47.88,
2009,50, 0.068,256.13, 34.22, 72.30, 53.26,
2009,51, 0.061,252.16, 32.94, 80.69, 56.82,
2009,52, 0.056,249.75, 31.73, 84.16, 57.95,
2010, 1, 0.044,251.18, 20.65, 75.03, 47.84,
2010, 2, 0.041,251.04, 18.40, 76.06, 47.23,
2010, 3, 0.037,249.50, 17.01, 82.39, 49.70,
2010, 4, 0.036,248.18, 16.94, 87.19, 52.06,
2010, 5, 0.035,247.77, 16.27, 89.31, 52.79,
2010, 6, 0.035,248.61, 15.19, 88.80, 52.00,
2010, 7, 0.035,250.09, 12.97, 87.50, 50.24,
2010, 8, 0.036,252.62, 12.20, 85.29, 48.74,
2010, 9, 0.042,256.44, 14.15, 80.65, 47.40,
2010,10, 0.053,261.39, 16.54, 74.65, 45.59,
2010,11, 0.070,266.74, 20.07, 65.89, 42.98,
2010,12, 0.089,272.72, 23.02, 54.92, 38.97,
2010,13, 0.112,278.16, 26.23, 44.61, 35.42,
2010,14, 0.140,283.08, 29.89, 32.68, 31.28,
2010,15, 0.170,287.11, 32.19, 24.78, 28.48,
2010,16, 0.203,289.84, 34.08, 24.90, 29.49,
2010,17, 0.239,291.78, 36.11, 27.33, 31.72,
2010,18, 0.270,293.57, 34.59, 27.96, 31.27,
2010,19, 0.304,295.08, 34.70, 27.79, 31.24,
2010,20, 0.339,295.89, 36.25, 31.68, 33.97,
2010,21, 0.375,296.58, 41.71, 32.55, 37.13,
2010,22, 0.405,297.17, 48.78, 30.23, 39.51,
2010,23, 0.425,297.59, 53.81, 28.41, 41.11,
2010,24, 0.438,298.06, 57.94, 25.24, 41.59,
2010,25, 0.445,298.40, 60.28, 22.68, 41.48,
2010,26, 0.448,298.84, 61.80, 18.18, 39.99,
2010,27, 0.455,299.55, 67.33, 13.27, 40.30,
2010,28, 0.453,300.07, 69.59, 10.46, 40.03,
2010,29, 0.448,300.75, 69.93,  7.04, 38.49,
2010,30, 0.442,301.63, 70.05,  4.11, 37.08,
2010,31, 0.422,301.65, 61.90,  4.19, 33.05,
2010,32, 0.402,301.14, 53.56,  5.14, 29.35,
2010,33, 0.382,299.95, 46.24,  7.39, 26.82,
2010,34, 0.366,298.31, 44.50, 11.52, 28.01,
2010,35, 0.356,296.48, 47.83, 17.41, 32.62,
2010,36, 0.338,294.20, 49.28, 29.09, 39.19,
2010,37, 0.324,292.44, 54.49, 33.92, 44.21,
2010,38, 0.307,290.77, 56.22, 33.75, 44.99,
2010,39, 0.287,288.92, 55.71, 33.20, 44.46,
2010,40, 0.263,286.39, 53.75, 41.15, 47.45,
2010,41, 0.236,283.72, 50.72, 47.82, 49.27,
2010,42, 0.213,282.29, 50.44, 39.22, 44.83,
2010,43, 0.197,281.45, 54.98, 24.39, 39.68,
2010,44, 0.175,279.73, 55.00, 12.28, 33.64,
2010,45, 0.154,277.39, 54.11, 13.46, 33.78,
2010,46, 0.130,273.61, 51.02, 24.77, 37.89,
2010,47, 0.108,268.53, 47.93, 41.13, 44.53,
2010,48, 0.090,264.24, 42.68, 53.45, 48.07,
2010,49, 0.076,260.48, 35.06, 61.16, 48.11,
2010,50, 0.067,257.98, 32.90, 64.04, 48.47,
2010,51, 0.060,256.60, 31.23, 62.70, 46.96,
2010,52, 0.056,256.04, 31.46, 60.03, 45.74,
2011, 1, 0.051,255.96, 28.71, 57.14, 42.93,
2011, 2, 0.047,256.80, 25.55, 54.11, 39.83,
2011, 3, 0.049,258.88, 28.65, 47.53, 38.09,
2011, 4, 0.054,260.84, 33.84, 42.61, 38.22,
2011, 5, 0.058,262.51, 35.74, 41.49, 38.62,
2011, 6, 0.062,264.03, 35.90, 42.39, 39.14,
2011, 7, 0.072,265.81, 38.77, 41.37, 40.07,
2011, 8, 0.082,267.83, 40.86, 39.90, 40.38,
2011, 9, 0.095,270.56, 44.65, 36.35, 40.50,
2011,10, 0.112,273.77, 48.04, 31.81, 39.93,
2011,11, 0.130,276.73, 51.18, 26.14, 38.66,
2011,12, 0.154,279.55, 55.95, 26.04, 41.00,
2011,13, 0.176,282.21, 59.30, 25.42, 42.36,
2011,14, 0.194,284.51, 58.99, 24.64, 41.82,
2011,15, 0.216,287.35, 57.56, 22.68, 40.12,
2011,16, 0.239,290.38, 53.85, 20.01, 36.93,
2011,17, 0.268,292.96, 51.41, 16.32, 33.86,
2011,18, 0.298,294.91, 49.28, 14.15, 31.72,
2011,19, 0.332,296.10, 49.93, 16.88, 33.41,
2011,20, 0.368,297.11, 52.38, 18.92, 35.65,
2011,21, 0.402,298.10, 57.42, 17.14, 37.28,
2011,22, 0.425,298.75, 61.27, 14.67, 37.97,
2011,23, 0.438,298.93, 62.08, 15.43, 38.76,
2011,24, 0.438,298.25, 57.95, 23.34, 40.65,
2011,25, 0.442,297.62, 58.46, 30.68, 44.57,
2011,26, 0.450,297.42, 63.78, 32.77, 48.28,
2011,27, 0.457,297.06, 69.44, 39.00, 54.22,
2011,28, 0.466,296.91, 78.66, 42.81, 60.73,
2011,29, 0.471,296.76, 84.05, 47.23, 65.64,
2011,30, 0.474,296.50, 87.90, 53.08, 70.49,
2011,31, 0.475,296.29, 90.79, 55.18, 72.98,
2011,32, 0.469,295.89, 92.11, 56.64, 74.38,
2011,33, 0.464,295.67, 94.41, 51.91, 73.16,
2011,34, 0.456,295.66, 95.61, 40.97, 68.29,
2011,35, 0.443,295.43, 95.90, 29.26, 62.58,
2011,36, 0.425,294.84, 95.57, 20.16, 57.86,
2011,37, 0.398,293.59, 93.32, 18.89, 56.10,
2011,38, 0.372,292.11, 90.94, 15.55, 53.24,
2011,39, 0.346,290.31, 88.94, 13.44, 51.19,
2011,40, 0.313,287.98, 83.83, 18.87, 51.35,
2011,41, 0.283,285.75, 80.95, 20.42, 50.69,
2011,42, 0.258,283.75, 79.48, 21.43, 50.45,
2011,43, 0.235,281.90, 79.32, 19.85, 49.58,
2011,44, 0.215,280.21, 81.27,  7.48, 44.38,
2011,45, 0.195,278.50, 83.41,  4.89, 44.15,
2011,46, 0.174,276.82, 86.47,  5.17, 45.82,
2011,47, 0.152,275.22, 85.75,  6.13, 45.94,
2011,48, 0.138,274.06, 84.27,  8.87, 46.57,
2011,49, 0.129,272.97, 81.92, 10.78, 46.35,
2011,50, 0.119,271.93, 81.39, 10.69, 46.04,
2011,51, 0.110,270.57, 77.93, 10.05, 43.99,
2011,52, 0.099,268.81, 72.87, 13.30, 43.09,
2012, 1, 0.086,266.53, 64.20, 17.98, 41.09,
2012, 2, 0.074,264.05, 53.00, 25.87, 39.44,
2012, 3, 0.066,261.63, 44.96, 36.73, 40.84,
2012, 4, 0.060,260.13, 38.71, 45.61, 42.16,
2012, 5, 0.058,259.62, 34.81, 52.87, 43.84,
2012, 6, 0.057,259.93, 31.53, 58.06, 44.80,
2012, 7, 0.056,260.88, 26.88, 60.40, 43.64,
2012, 8, 0.060,262.97, 26.65, 58.50, 42.58,
2012, 9, 0.066,265.31, 27.63, 56.07, 41.85,
2012,10, 0.077,268.33, 29.04, 52.71, 40.88,
2012,11, 0.099,272.27, 34.98, 44.11, 39.54,
2012,12, 0.124,276.17, 41.05, 40.13, 40.59,
2012,13, 0.151,279.90, 46.49, 36.40, 41.44,
2012,14, 0.179,283.42, 50.52, 31.03, 40.77,
2012,15, 0.212,286.77, 55.28, 27.06, 41.17,
2012,16, 0.253,289.79, 60.72, 24.64, 42.68,
2012,17, 0.299,292.58, 67.15, 19.86, 43.51,
2012,18, 0.341,294.46, 70.95, 19.06, 45.00,
2012,19, 0.375,295.70, 71.80, 21.20, 46.50,
2012,20, 0.398,296.19, 67.83, 28.30, 48.07,
2012,21, 0.412,296.09, 62.17, 37.07, 49.62,
2012,22, 0.447,296.99, 73.71, 31.85, 52.78,
2012,23, 0.464,297.44, 77.39, 30.00, 53.69,
2012,24, 0.473,297.71, 79.47, 28.78, 54.13,
2012,25, 0.480,298.03, 81.69, 26.54, 54.11,
2012,26, 0.482,298.19, 82.24, 24.61, 53.43,
2012,27, 0.477,298.71, 80.20, 21.16, 50.68,
2012,28, 0.475,299.00, 81.66, 20.10, 50.88,
2012,29, 0.465,298.95, 78.80, 23.22, 51.01,
2012,30, 0.456,298.78, 77.32, 28.71, 53.02,
2012,31, 0.447,298.50, 75.20, 31.43, 53.32,
2012,32, 0.437,297.95, 73.26, 33.71, 53.48,
2012,33, 0.425,296.96, 71.48, 36.70, 54.09,
2012,34, 0.411,295.94, 70.14, 37.44, 53.79,
2012,35, 0.398,294.93, 71.14, 35.91, 53.53,
2012,36, 0.389,294.48, 76.52, 25.20, 50.86,
2012,37, 0.375,293.81, 81.18, 17.40, 49.29,
2012,38, 0.353,292.52, 80.45, 12.63, 46.54,
2012,39, 0.328,290.90, 78.24,  9.37, 43.80,
2012,40, 0.304,289.25, 77.89,  7.14, 42.51,
2012,41, 0.278,287.73, 76.84,  4.02, 40.43,
2012,42, 0.247,285.41, 72.07,  7.07, 39.57,
2012,43, 0.220,282.60, 69.21, 13.93, 41.57,
2012,44, 0.196,280.37, 68.35,  7.86, 38.10,
2012,45, 0.175,277.75, 68.59, 11.10, 39.84,
2012,46, 0.155,274.83, 69.41, 17.53, 43.47,
2012,47, 0.130,271.34, 65.64, 26.45, 46.05,
2012,48, 0.104,266.51, 53.83, 43.29, 48.56,
2012,49, 0.081,260.61, 39.12, 60.84, 49.98,
2012,50, 0.063,255.47, 29.43, 73.00, 51.21,
2012,51, 0.050,252.50, 21.58, 76.77, 49.17,
2012,52, 0.044,252.07, 18.28, 74.22, 46.25,
2013, 1, 0.045,253.98, 20.66, 64.97, 42.82,
2013, 2, 0.043,253.16, 20.20, 67.75, 43.98,
2013, 3, 0.042,251.82, 21.70, 73.44, 47.56,
2013, 4, 0.042,252.01, 24.02, 75.13, 49.57,
2013, 5, 0.045,254.06, 25.95, 72.57, 49.26,
2013, 6, 0.047,255.95, 25.56, 71.70, 48.62,
2013, 7, 0.051,258.58, 25.36, 67.90, 46.62,
2013, 8, 0.059,261.60, 26.80, 63.18, 44.98,
2013, 9, 0.068,264.09, 28.89, 60.85, 44.86,
2013,10, 0.076,266.13, 28.25, 62.10, 45.15,
2013,11, 0.085,267.93, 27.28, 64.49, 45.86,
2013,12, 0.100,270.47, 27.29, 66.29, 46.77,
2013,13, 0.119,274.05, 28.25, 66.22, 47.23,
2013,14, 0.147,278.14, 31.23, 64.09, 47.66,
2013,15, 0.186,282.94, 38.72, 56.60, 47.66,
2013,16, 0.230,287.46, 46.50, 45.00, 45.75,
2013,17, 0.274,291.09, 52.97, 35.21, 44.09,
2013,18, 0.317,293.42, 57.94, 31.42, 44.68,
2013,19, 0.353,294.81, 59.15, 31.69, 45.42,
2013,20, 0.385,295.84, 60.07, 33.07, 46.57,
2013,21, 0.414,296.72, 63.07, 32.39, 47.73,
2013,22, 0.437,297.18, 65.93, 31.61, 48.77,
2013,23, 0.458,297.50, 70.98, 31.43, 51.20,
2013,24, 0.474,297.73, 76.50, 30.81, 53.66,
2013,25, 0.482,297.96, 79.33, 29.85, 54.59,
2013,26, 0.482,298.01, 78.10, 29.62, 53.86,
2013,27, 0.480,297.90, 77.26, 32.46, 54.86,
2013,28, 0.475,297.67, 76.55, 37.09, 56.82,
2013,29, 0.470,297.65, 77.10, 39.57, 58.34,
2013,30, 0.463,297.85, 77.22, 40.22, 58.73,
2013,31, 0.449,297.74, 73.61, 41.72, 57.67,
2013,32, 0.431,297.33, 68.20, 43.57, 55.89,
2013,33, 0.411,296.52, 61.75, 46.30, 54.03,
2013,34, 0.384,295.10, 53.51, 53.48, 53.49,
2013,35, 0.349,292.72, 44.18, 68.30, 56.24,
2013,36, 0.314,290.43, 37.05, 78.01, 57.53,
2013,37, 0.284,288.50, 34.80, 81.41, 58.11,
2013,38, 0.264,286.76, 34.45, 83.84, 59.15,
2013,39, 0.247,285.36, 34.34, 81.59, 57.97,
2013,40, 0.230,283.60, 34.91, 77.86, 56.39,
2013,41, 0.210,282.26, 35.30, 65.39, 50.35,
2013,42, 0.196,281.38, 40.92, 44.56, 42.74,
2013,43, 0.176,280.54, 43.78, 28.20, 35.99,
2013,44, 0.156,279.33, 44.57, 15.95, 30.26,
2013,45, 0.147,278.00, 50.65, 11.09, 30.86,
2013,46, 0.134,275.22, 55.48, 15.13, 35.31,
2013,47, 0.122,272.45, 59.63, 19.73, 39.66,
2013,48, 0.110,270.07, 59.51, 26.24, 42.86,
2013,49, 0.098,268.04, 54.66, 30.32, 42.47,
2013,50, 0.093,266.42, 56.87, 31.49, 44.17,
2013,51, 0.086,264.75, 54.99, 31.58, 43.27,
2013,52, 0.082,264.05, 55.42, 30.71, 43.07,
2014, 1, 0.079,262.85, 55.00, 32.00, 43.50,
2014, 2, 0.077,260.44, 53.63, 39.80, 46.72,
2014, 3, 0.077,258.70, 54.44, 47.00, 50.71,
2014, 4, 0.083,259.21, 59.27, 47.49, 53.37,
2014, 5, 0.091,261.85, 62.86, 42.80, 52.82,
2014, 6, 0.100,265.91, 64.60, 33.79, 49.19,
2014, 7, 0.114,270.14, 66.76, 23.22, 44.97,
2014, 8, 0.133,274.50, 71.57, 12.65, 42.09,
2014, 9, 0.156,278.14, 77.55,  6.21, 41.85,
2014,10, 0.178,281.23, 80.98,  3.31, 42.12,
2014,11, 0.195,283.65, 81.56,  1.49, 41.50,
2014,12, 0.213,285.56, 82.04,  2.97, 42.49,
2014,13, 0.227,286.99, 82.16,  4.96, 43.55,
2014,14, 0.244,288.21, 81.66,  6.58, 44.12,
2014,15, 0.266,289.29, 80.52, 12.43, 46.47,
2014,16, 0.291,290.62, 78.08, 20.69, 49.39,
2014,17, 0.321,291.87, 76.44, 28.68, 52.56,
2014,18, 0.348,292.84, 73.80, 36.99, 55.40,
2014,19, 0.376,293.99, 71.72, 39.76, 55.74,
2014,20, 0.400,294.48, 69.00, 46.34, 57.67,
2014,21, 0.422,294.59, 68.28, 53.08, 60.68,
2014,22, 0.441,294.83, 69.32, 54.06, 61.69,
2014,23, 0.463,295.68, 75.87, 48.54, 62.20,
2014,24, 0.479,295.99, 80.61, 47.53, 64.08,
2014,25, 0.487,296.19, 82.89, 47.86, 65.38,
2014,26, 0.487,296.21, 81.59, 48.48, 65.04,
2014,27, 0.485,296.53, 80.82, 47.12, 63.97,
2014,28, 0.482,296.86, 80.75, 45.92, 63.34,
2014,29, 0.478,297.19, 81.34, 44.68, 63.02,
2014,30, 0.471,297.51, 81.25, 43.93, 62.60,
2014,31, 0.460,297.55, 78.96, 43.71, 61.34,
2014,32, 0.445,297.33, 75.92, 43.48, 59.70,
2014,33, 0.428,296.72, 71.78, 44.14, 57.97,
2014,34, 0.409,295.98, 67.92, 43.62, 55.77,
2014,35, 0.389,294.99, 66.13, 41.99, 54.06,
2014,36, 0.371,293.91, 66.98, 38.44, 52.71,
2014,37, 0.355,292.91, 70.09, 31.38, 50.73,
2014,38, 0.336,291.56, 70.79, 25.98, 48.38,
2014,39, 0.312,289.61, 68.79, 27.03, 47.90,
2014,40, 0.287,287.30, 67.08, 31.78, 49.43,
2014,41, 0.263,284.79, 66.67, 36.41, 51.54,
2014,42, 0.232,282.39, 63.15, 34.86, 49.00,
2014,43, 0.203,280.62, 60.02, 27.85, 43.94,
2014,44, 0.174,278.72, 55.78, 20.89, 38.33,
2014,45, 0.153,275.70, 55.34, 25.86, 40.59,
2014,46, 0.131,272.12, 52.77, 32.34, 42.56,
2014,47, 0.109,269.57, 47.95, 33.98, 40.96,
2014,48, 0.094,267.29, 44.68, 38.66, 41.67,
2014,49, 0.086,264.94, 42.52, 42.91, 42.70,
2014,50, 0.085,263.01, 47.17, 44.44, 45.80,
2014,51, 0.084,262.26, 50.85, 40.66, 45.75,
2014,52, 0.082,262.15, 53.18, 37.42, 45.30,
2015, 1, 0.083,262.00, 57.90, 34.64, 46.27,
2015, 2, 0.083,260.84, 58.08, 37.50, 47.79,
2015, 3, 0.080,260.16, 56.13, 40.42, 48.26,
2015, 4, 0.080,261.07, 56.11, 39.44, 47.77,
2015, 5, 0.082,262.98, 55.08, 37.86, 46.46,
2015, 6, 0.086,265.07, 52.98, 36.84, 44.91,
2015, 7, 0.094,267.97, 52.57, 31.80, 42.17,
2015, 8, 0.107,271.83, 55.61, 23.40, 39.49,
2015, 9, 0.126,275.39, 60.49, 17.09, 38.78,
2015,10, 0.145,278.62, 63.92, 13.73, 38.80,
2015,11, 0.165,281.25, 66.38, 11.16, 38.75,
2015,12, 0.183,283.26, 67.64, 12.47, 40.05,
2015,13, 0.198,285.10, 67.48, 13.66, 40.57,
2015,14, 0.215,287.05, 66.84, 13.16, 40.00,
2015,15, 0.239,289.16, 66.42, 13.16, 39.79,
2015,16, 0.266,291.42, 65.11, 14.30, 39.71,
2015,17, 0.298,293.57, 64.93, 14.01, 39.47,
2015,18, 0.330,295.00, 64.33, 16.59, 40.46,
2015,19, 0.359,295.99, 62.37, 20.21, 41.29,
2015,20, 0.388,297.04, 62.17, 21.17, 41.67,
2015,21, 0.417,298.18, 65.00, 18.10, 41.55,
2015,22, 0.437,298.75, 66.64, 16.57, 41.60,
2015,23, 0.457,299.38, 71.21, 13.77, 42.49,
2015,24, 0.470,299.44, 74.60, 14.49, 44.54,
2015,25, 0.475,299.36, 75.03, 15.97, 45.50,
2015,26, 0.472,299.26, 72.15, 17.08, 44.62,
2015,27, 0.468,299.18, 69.67, 19.51, 44.59,
2015,28, 0.464,299.33, 68.92, 20.04, 44.48,
2015,29, 0.458,299.48, 69.47, 20.41, 44.94,
2015,30, 0.451,299.74, 69.80, 20.76, 45.28,
2015,31, 0.441,299.97, 68.46, 18.66, 43.56,
2015,32, 0.425,299.98, 63.79, 15.84, 39.82,
2015,33, 0.408,299.67, 59.31, 12.63, 35.97,
2015,34, 0.387,298.80, 54.56, 12.01, 33.28,
2015,35, 0.363,297.49, 51.20, 13.31, 32.26,
2015,36, 0.341,296.12, 50.85, 13.88, 32.37,
2015,37, 0.324,294.48, 54.34, 14.33, 34.33,
2015,38, 0.309,292.48, 56.90, 15.90, 36.40,
2015,39, 0.291,290.27, 57.02, 19.45, 38.23,
2015,40, 0.270,287.93, 57.00, 24.65, 40.82,
2015,41, 0.244,285.12, 54.69, 33.00, 43.85,
2015,42, 0.209,282.15, 48.71, 37.66, 43.18,
2015,43, 0.173,279.02, 42.15, 41.42, 41.78,
2015,44, 0.142,276.61, 35.70, 36.36, 36.03,
2015,45, 0.117,274.47, 30.61, 33.31, 31.95,
2015,46, 0.102,271.59, 30.62, 34.86, 32.74,
2015,47, 0.094,269.45, 35.14, 34.30, 34.70,
2015,48, 0.091,268.44, 41.58, 33.30, 37.41,
2015,49, 0.088,267.39, 44.64, 32.68, 38.65,
2015,50, 0.088,265.63, 50.24, 34.06, 42.14,
2015,51, 0.083,263.92, 51.47, 34.15, 42.81,
2015,52, 0.080,262.67, 52.61, 35.29, 43.95,
2016, 1, 0.078,261.28, 53.14, 37.18, 45.16,
2016, 2, 0.073,259.09, 49.50, 44.27, 46.89,
2016, 3, 0.073,258.40, 50.03, 47.30, 48.66,
2016, 4, 0.077,259.83, 53.36, 44.13, 48.74,
2016, 5, 0.083,263.03, 55.50, 37.20, 46.34,
2016, 6, 0.090,266.18, 55.28, 32.05, 43.66,
2016, 7, 0.098,269.24, 54.97, 26.31, 40.63,
2016, 8, 0.109,272.02, 55.87, 22.23, 39.04,
2016, 9, 0.118,273.97, 55.69, 22.28, 38.97,
2016,10, 0.128,275.88, 54.38, 24.04, 39.19,
2016,11, 0.164,279.89, 65.74, 16.57, 41.13,
2016,12, 0.182,282.59, 67.47, 15.22, 41.33,
2016,13, 0.201,285.09, 69.00, 13.72, 41.36,
2016,14, 0.220,287.27, 69.11, 11.62, 40.37,
2016,15, 0.246,289.24, 70.09, 12.22, 41.16,
2016,16, 0.277,291.19, 70.98, 15.70, 43.34,
2016,17, 0.306,292.21, 68.77, 25.26, 47.02,
2016,18, 0.328,292.41, 63.21, 40.89, 52.05,
2016,19, 0.352,293.14, 58.64, 48.16, 53.40,
2016,20, 0.376,293.79, 55.24, 53.28, 54.26,
2016,21, 0.398,294.17, 54.02, 57.36, 55.69,
2016,22, 0.418,294.56, 55.20, 56.64, 55.92,
2016,23, 0.440,295.34, 60.41, 51.72, 56.07,
2016,24, 0.458,296.01, 67.04, 47.21, 57.13,
2016,25, 0.470,296.66, 72.55, 43.02, 57.79,
2016,26, 0.473,297.00, 73.21, 40.27, 56.74,
2016,27, 0.475,297.61, 74.71, 35.90, 55.31,
2016,28, 0.476,298.20, 77.35, 31.95, 54.65,
2016,29, 0.473,298.37, 78.21, 32.22, 55.22,
2016,30, 0.464,298.41, 77.45, 34.54, 56.00,
2016,31, 0.453,298.56, 75.35, 32.98, 54.17,
2016,32, 0.439,298.64, 72.46, 29.48, 50.97,
2016,33, 0.423,298.55, 68.82, 24.13, 46.48,
2016,34, 0.402,298.01, 64.15, 20.31, 42.23,
2016,35, 0.380,297.15, 60.98, 16.52, 38.75,
2016,36, 0.357,296.09, 59.81, 13.62, 36.71,
2016,37, 0.329,294.07, 57.35, 18.25, 37.80,
2016,38, 0.301,291.46, 53.09, 27.57, 40.33,
2016,39, 0.266,288.13, 44.40, 46.65, 45.52,
2016,40, 0.231,284.59, 35.31, 66.19, 50.75,
2016,41, 0.198,281.19, 27.82, 78.08, 52.95,
2016,42, 0.163,276.94, 20.93, 88.78, 54.86,
2016,43, 0.133,273.32, 17.90, 88.75, 53.33,
2016,44, 0.114,270.35, 18.39, 82.70, 50.55,
2016,45, 0.096,267.43, 17.13, 77.74, 47.43,
2016,46, 0.083,264.40, 16.62, 75.08, 45.85,
2016,47, 0.073,261.81, 18.16, 72.67, 45.40,
2016,48, 0.071,260.96, 24.83, 67.06, 45.94,
2016,49, 0.071,260.48, 30.33, 61.25, 45.78,
2016,50, 0.068,258.43, 33.35, 62.27, 47.80,
2016,51, 0.065,257.69, 35.62, 58.29, 46.95,
2016,52, 0.062,258.26, 36.55, 52.42, 44.48,
2017, 1, 0.061,259.34, 37.44, 45.44, 41.44,
2017, 2, 0.060,258.74, 37.54, 46.44, 41.99,
2017, 3, 0.060,257.38, 38.22, 51.92, 45.06,
2017, 4, 0.063,257.61, 41.12, 53.32, 47.22,
2017, 5, 0.068,260.02, 43.40, 49.31, 46.35,
2017, 6, 0.075,263.28, 44.49, 43.50, 43.99,
2017, 7, 0.084,267.24, 45.74, 34.28, 40.00,
2017, 8, 0.098,271.34, 49.53, 24.84, 37.18,
2017, 9, 0.116,274.84, 55.00, 18.71, 36.84,
2017,10, 0.135,278.19, 58.57, 14.89, 36.71,
2017,11, 0.154,281.03, 61.21, 11.81, 36.49,
2017,12, 0.176,283.53, 64.58, 11.36, 37.96,
2017,13, 0.198,285.87, 67.82, 10.06, 38.94,
2017,14, 0.220,287.74, 69.80,  9.14, 39.47,
2017,15, 0.246,289.39, 70.28, 11.87, 41.07,
2017,16, 0.270,291.15, 67.80, 17.10, 42.45,
2017,17, 0.296,292.26, 64.02, 26.23, 45.13,
2017,18, 0.323,293.48, 60.84, 31.80, 46.32,
2017,19, 0.351,294.85, 58.00, 32.08, 45.04,
2017,20, 0.375,295.86, 54.73, 33.29, 44.01,
2017,21, 0.395,296.50, 52.08, 34.84, 43.46,
2017,22, 0.410,296.79, 49.65, 35.66, 42.66,
2017,23, 0.425,297.59, 49.93, 31.05, 40.49,
2017,24, 0.439,298.25, 54.01, 26.33, 40.17,
2017,25, 0.448,298.33, 57.56, 26.57, 42.06,
2017,26, 0.452,298.41, 59.15, 26.00, 42.57,
2017,27, 0.453,298.52, 60.95, 26.31, 43.63,
2017,28, 0.453,298.26, 63.20, 31.08, 47.14,
2017,29, 0.448,297.78, 64.95, 38.13, 51.54,
2017,30, 0.443,297.68, 66.82, 41.85, 54.34,
2017,31, 0.439,298.02, 68.13, 38.54, 53.34,
2017,32, 0.428,297.96, 66.27, 36.56, 51.42,
2017,33, 0.409,297.03, 60.59, 40.48, 50.54,
2017,34, 0.384,295.90, 53.95, 44.25, 49.10,
2017,35, 0.363,295.08, 52.11, 40.87, 46.49,
2017,36, 0.343,293.80, 52.36, 39.91, 46.14,
2017,37, 0.320,291.62, 52.81, 46.53, 49.67,
2017,38, 0.296,289.43, 51.05, 52.24, 51.64,
2017,39, 0.271,287.42, 47.40, 55.74, 51.57,
2017,40, 0.238,284.26, 39.37, 70.01, 54.69,
2017,41, 0.201,280.91, 30.03, 81.14, 55.59,
2017,42, 0.165,277.29, 22.39, 85.44, 53.92,
2017,43, 0.138,274.13, 20.74, 82.19, 51.46,
2017,44, 0.111,271.02, 16.68, 78.14, 47.41,
2017,45, 0.096,268.71, 17.10, 69.86, 43.48,
2017,46, 0.081,266.07, 16.35, 65.91, 41.13,
2017,47, 0.075,264.54, 20.84, 58.90, 39.86,
2017,48, 0.073,263.57, 28.04, 55.06, 41.54,
2017,49, 0.067,261.40, 28.21, 57.00, 42.59,
2017,50, 0.064,259.42, 30.61, 57.64, 44.12,
2017,51, 0.065,259.92, 35.80, 48.85, 42.31,
2017,52, 0.067,261.51, 41.82, 40.46, 41.14,
2018, 1, 0.072,262.08, 48.85, 32.79, 40.82,
2018, 2, 0.073,260.52, 51.39, 35.91, 43.65,
2018, 3, 0.075,259.43, 51.63, 45.62, 48.62,
2018, 4, 0.076,258.50, 52.67, 50.88, 51.77,
2018, 5, 0.073,257.82, 47.56, 56.61, 52.08,
2018, 6, 0.071,258.97, 40.08, 63.15, 51.61,
2018, 7, 0.070,260.49, 35.00, 63.88, 49.43,
2018, 8, 0.072,262.23, 32.52, 62.73, 47.62,
2018, 9, 0.077,264.09, 32.26, 61.94, 47.09,
2018,10, 0.082,266.05, 31.01, 62.05, 46.52,
2018,11, 0.093,269.06, 30.57, 61.00, 45.77,
2018,12, 0.115,273.17, 33.90, 55.69, 44.79,
2018,13, 0.145,278.02, 41.24, 46.04, 43.64,
2018,14, 0.185,283.45, 51.04, 32.54, 41.79,
2018,15, 0.225,287.60, 58.27, 24.00, 41.14,
2018,16, 0.263,290.89, 63.70, 18.12, 40.91,
2018,17, 0.301,293.15, 66.46, 16.66, 41.56,
2018,18, 0.335,294.57, 66.95, 19.73, 43.34,
2018,19, 0.366,295.89, 66.85, 20.37, 43.61,
2018,20, 0.395,296.85, 66.18, 22.34, 44.26,
2018,21, 0.420,297.49, 67.09, 24.06, 45.57,
2018,22, 0.439,298.04, 68.34, 22.54, 45.44,
2018,23, 0.454,298.16, 69.81, 24.44, 47.12,
2018,24, 0.465,297.80, 72.34, 29.41, 50.87,
2018,25, 0.474,297.61, 75.12, 32.80, 53.96,
2018,26, 0.475,297.28, 75.03, 36.74, 55.89,
2018,27, 0.473,296.73, 73.79, 44.56, 59.18,
2018,28, 0.470,296.43, 74.20, 49.95, 62.08,
2018,29, 0.468,296.62, 76.42, 50.15, 63.30,
2018,30, 0.463,296.90, 77.64, 49.59, 63.62,
2018,31, 0.455,297.16, 77.20, 46.87, 62.04,
2018,32, 0.445,297.62, 76.42, 39.53, 57.98,
2018,33, 0.430,297.72, 73.63, 32.40, 53.02,
2018,34, 0.412,297.43, 70.24, 26.10, 48.17,
2018,35, 0.393,296.95, 68.45, 18.08, 43.27,
2018,36, 0.372,296.07, 67.76, 12.95, 40.35,
2018,37, 0.352,294.56, 69.67, 11.74, 40.71,
2018,38, 0.333,292.31, 70.02, 16.22, 43.12,
2018,39, 0.316,290.24, 71.67, 18.21, 44.93,
2018,40, 0.298,288.51, 74.22, 15.93, 45.06,
2018,41, 0.272,286.09, 72.58, 21.00, 46.79,
2018,42, 0.242,283.89, 69.47, 19.74, 44.61,
2018,43, 0.209,281.25, 64.18, 22.41, 43.30,
2018,44, 0.174,277.81, 56.33, 27.49, 41.91,
2018,45, 0.146,272.16, 50.30, 48.21, 49.24,
2018,46, 0.121,267.62, 44.68, 57.25, 50.97,
2018,47, 0.101,264.32, 40.70, 59.70, 50.19,
2018,48, 0.082,261.58, 33.82, 63.83, 48.82,
2018,49, 0.067,258.46, 26.28, 68.84, 47.56,
2018,50, 0.056,254.18, 21.25, 77.75, 49.50,
2018,51, 0.050,251.76, 21.28, 79.46, 50.37,
2018,52, 0.048,251.61, 21.99, 75.62, 48.81,
2019, 1, 0.050,252.58, 25.02, 69.32, 47.17,
2019, 2, 0.052,252.89, 28.26, 67.87, 48.07,
2019, 3, 0.057,253.24, 34.87, 66.93, 50.89,
2019, 4, 0.066,255.45, 43.15, 60.46, 51.80,
2019, 5, 0.077,259.48, 50.19, 50.08, 50.13,
2019, 6, 0.088,262.86, 54.07, 43.79, 48.92,
2019, 7, 0.106,266.98, 59.77, 34.07, 46.90,
2019, 8, 0.127,271.72, 67.00, 22.54, 44.75,
2019, 9, 0.146,275.25, 71.46, 16.42, 43.93,
2019,10, 0.161,278.18, 72.33, 14.21, 43.25,
2019,11, 0.177,281.09, 72.51, 10.77, 41.62,
2019,12, 0.192,283.64, 72.37, 10.04, 41.19,
2019,13, 0.202,285.43, 69.97, 11.25, 40.60,
2019,14, 0.215,287.26, 67.52, 10.87, 39.20,
2019,15, 0.236,289.05, 65.60, 13.00, 39.30,
2019,16, 0.258,290.31, 61.36, 22.21, 41.79,
2019,17, 0.283,291.27, 57.66, 32.79, 45.23,
2019,18, 0.312,292.33, 55.69, 40.82, 48.26,
2019,19, 0.344,293.37, 55.17, 44.97, 50.07,
2019,20, 0.379,294.26, 57.53, 47.80, 52.67,
2019,21, 0.411,295.36, 62.35, 44.81, 53.58,
2019,22, 0.434,295.87, 66.30, 43.35, 54.82,
2019,23, 0.456,296.36, 72.16, 41.33, 56.75,
2019,24, 0.475,296.95, 79.28, 37.39, 58.34,
2019,25, 0.482,296.94, 81.03, 39.48, 60.26,
2019,26, 0.480,296.69, 78.34, 42.90, 60.62,
2019,27, 0.476,296.84, 76.44, 43.31, 59.88,
2019,28, 0.471,296.92, 75.39, 44.76, 60.08,
2019,29, 0.464,296.82, 74.42, 48.08, 61.26,
2019,30, 0.455,296.90, 73.48, 49.73, 61.61,
2019,31, 0.444,297.44, 71.38, 44.14, 57.77,
2019,32, 0.431,297.88, 68.75, 36.87, 52.81,
2019,33, 0.415,297.97, 64.75, 29.88, 47.32,
2019,34, 0.396,297.91, 60.80, 20.81, 40.80,
2019,35, 0.372,297.28, 57.33, 14.39, 35.86,
2019,36, 0.348,296.27, 55.27, 10.84, 33.06,
2019,37, 0.324,294.79, 55.09,  9.31, 32.20,
2019,38, 0.301,292.79, 53.60, 10.64, 32.12,
2019,39, 0.280,291.01, 51.85,  8.56, 30.20,
2019,40, 0.254,289.32, 48.55,  6.02, 27.28,
2019,41, 0.228,287.41, 45.83,  6.25, 26.04,
2019,42, 0.200,285.51, 44.11,  4.12, 24.12,
2019,43, 0.171,283.61, 40.99,  2.90, 21.95,
2019,44, 0.149,281.24, 40.22,  1.60, 20.91,
2019,45, 0.135,279.30, 42.66,  2.48, 22.56,
2019,46, 0.122,276.49, 45.26,  7.52, 26.39,
2019,47, 0.113,274.01, 50.98, 11.24, 31.11,
2019,48, 0.107,272.77, 55.83, 13.44, 34.62,
2019,49, 0.102,271.60, 56.68, 15.02, 35.83,
2019,50, 0.097,270.25, 58.73, 15.81, 37.27,
2019,51, 0.092,268.83, 59.15, 15.19, 37.16,
2019,52, 0.089,268.32, 61.07, 13.85, 37.46,
2020, 1, 0.087,267.51, 62.45, 13.11, 37.78,
2020, 2, 0.085,266.49, 62.20, 14.63, 38.41,
2020, 3, 0.086,266.17, 63.29, 16.22, 39.74,
2020, 4, 0.088,266.04, 64.06, 19.75, 41.90,
2020, 5, 0.092,267.03, 64.91, 22.16, 43.53,
2020, 6, 0.100,268.92, 64.80, 21.95, 43.37,
2020, 7, 0.107,270.97, 63.00, 20.04, 41.50,
2020, 8, 0.119,273.95, 63.93, 15.17, 39.53,
2020, 9, 0.138,277.29, 68.00,  9.86, 38.90,
2020,10, 0.156,280.11, 70.30,  7.90, 39.07,
2020,11, 0.173,282.42, 70.94,  6.43, 38.66,
2020,12, 0.189,284.80, 71.28,  5.94, 38.60,
2020,13, 0.202,286.80, 69.99,  5.48, 37.73,
2020,14, 0.213,288.32, 66.34,  5.59, 35.97,
2020,15, 0.227,289.87, 60.66,  8.04, 34.35,
2020,16, 0.239,291.19, 51.70, 16.28, 33.99,
2020,17, 0.257,292.09, 44.42, 27.04, 35.73,
2020,18, 0.281,292.81, 39.45, 37.44, 38.44,
2020,19, 0.304,292.80, 33.70, 51.71, 42.71,
2020,20, 0.329,292.64, 29.76, 64.73, 47.25,
2020,21, 0.355,293.21, 29.82, 66.43, 48.13,
2020,22, 0.380,293.98, 32.27, 62.09, 47.18,
2020,23, 0.405,295.14, 38.23, 53.42, 45.82,
2020,24, 0.428,296.33, 48.57, 43.73, 46.15,
2020,25, 0.450,297.34, 60.62, 35.47, 48.05,
2020,26, 0.466,298.00, 69.42, 29.07, 49.25,
2020,27, 0.474,298.32, 75.06, 27.33, 51.20,
2020,28, 0.475,298.34, 77.82, 29.06, 53.44,
2020,29, 0.471,298.24, 78.52, 32.22, 55.37,
2020,30, 0.466,298.43, 79.50, 33.08, 56.30,
2020,31, 0.458,298.67, 78.86, 30.90, 54.89,
2020,32, 0.445,298.60, 76.46, 29.08, 52.78,
2020,33, 0.430,298.48, 73.41, 24.20, 48.81,
2020,34, 0.411,297.89, 69.85, 20.89, 45.37,
2020,35, 0.389,296.83, 66.76, 19.69, 43.23,
2020,36, 0.370,295.83, 66.88, 15.89, 41.38,
2020,37, 0.350,294.43, 68.33, 13.36, 40.84,
2020,38, 0.322,292.51, 64.48, 13.96, 39.22,
2020,39, 0.296,290.54, 60.96, 14.46, 37.70,
2020,40, 0.268,288.34, 56.57, 18.25, 37.41,
2020,41, 0.232,285.85, 48.30, 24.01, 36.16,
2020,42, 0.200,283.72, 43.91, 21.67, 32.79,
2020,43, 0.174,281.69, 42.92, 18.77, 30.85,
2020,44, 0.145,278.83, 38.89, 19.66, 29.27,
2020,45, 0.119,275.61, 33.94, 26.37, 30.15,
2020,46, 0.103,272.51, 34.21, 30.40, 32.31,
2020,47, 0.094,270.01, 38.49, 31.73, 35.10,
2020,48, 0.083,267.38, 37.57, 37.84, 37.69,
2020,49, 0.075,265.26, 36.71, 41.28, 38.98,
2020,50, 0.072,263.76, 39.06, 41.29, 40.16,
2020,51, 0.066,262.67, 38.85, 38.81, 38.82,
2020,52, 0.062,261.64, 38.48, 38.99, 38.73,
2021, 1, 0.061,261.13, 39.65, 37.53, 38.59,
2021, 2, 0.061,259.72, 40.13, 41.18, 40.66,
2021, 3, 0.062,257.64, 41.37, 49.48, 45.42,
2021, 4, 0.065,256.49, 43.87, 56.49, 50.18,
2021, 5, 0.066,257.12, 42.48, 59.61, 51.04,
2021, 6, 0.068,259.07, 39.74, 58.97, 49.35,
2021, 7, 0.075,262.27, 40.56, 53.24, 46.89,
2021, 8, 0.085,265.73, 42.60, 46.74, 44.66,
2021, 9, 0.101,269.20, 47.16, 40.78, 43.96,
2021,10, 0.118,272.31, 50.12, 37.80, 43.94,
2021,11, 0.137,275.05, 53.05, 35.53, 44.27,
2021,12, 0.160,278.14, 56.87, 33.51, 45.18,
2021,13, 0.179,281.13, 58.50, 31.85, 45.17,
2021,14, 0.197,283.82, 57.70, 30.54, 44.12,
2021,15, 0.219,286.23, 56.24, 32.61, 44.43,
2021,16, 0.241,288.14, 52.50, 39.14, 45.82,
2021,17, 0.267,289.76, 49.12, 46.05, 47.58,
2021,18, 0.296,291.23, 46.90, 51.33, 49.12,
2021,19, 0.324,292.37, 44.28, 55.03, 49.65,
2021,20, 0.351,293.15, 42.19, 58.98, 50.59,
2021,21, 0.377,293.70, 42.31, 61.28, 51.79,
2021,22, 0.402,294.20, 45.13, 59.54, 52.33,
2021,23, 0.424,294.83, 50.19, 56.01, 53.10,
2021,24, 0.443,295.36, 58.10, 52.90, 55.50,
2021,25, 0.463,296.21, 68.36, 46.87, 57.62,
2021,26, 0.474,297.01, 74.66, 39.41, 57.04,
2021,27, 0.479,297.55, 77.72, 35.62, 56.67,
2021,28, 0.479,297.76, 79.82, 35.58, 57.70,
2021,29, 0.475,297.66, 80.50, 38.82, 59.67,
2021,30, 0.470,297.66, 81.59, 41.53, 61.57,
2021,31, 0.464,297.87, 81.93, 39.54, 60.74,
2021,32, 0.448,297.11, 77.73, 45.10, 61.42,
2021,33, 0.431,296.24, 73.90, 48.64, 61.27,
2021,34, 0.420,296.00, 74.79, 42.48, 58.64,
2021,35, 0.401,294.81, 73.20, 43.22, 58.21,
2021,36, 0.379,293.17, 71.37, 46.23, 58.80,
2021,37, 0.357,291.48, 72.04, 47.10, 59.57,
2021,38, 0.336,289.82, 71.38, 46.51, 58.95,
2021,39, 0.313,288.12, 70.04, 45.69, 57.86,
2021,40, 0.289,286.21, 69.08, 44.90, 56.99,
2021,41, 0.265,284.58, 68.56, 38.39, 53.47,
2021,42, 0.237,282.99, 66.72, 28.79, 47.76,
2021,43, 0.211,281.66, 65.38, 19.22, 42.30,
2021,44, 0.181,279.80, 61.09, 12.47, 36.78,
2021,45, 0.155,276.97, 57.14, 17.73, 37.43,
2021,46, 0.136,274.58, 58.00, 18.61, 38.30,
2021,47, 0.122,272.45, 60.93, 19.40, 40.16,
2021,48, 0.106,269.23, 57.03, 29.57, 43.29,
2021,49, 0.093,266.32, 51.88, 37.07, 44.46,
2021,50, 0.088,263.96, 52.86, 40.85, 46.85,
2021,51, 0.084,262.95, 53.99, 38.21, 46.09,
2021,52, 0.081,262.83, 55.17, 35.05, 45.11,
2022, 1, 0.081,263.32, 58.61, 29.95, 44.28,
2022, 2, 0.081,263.30, 60.18, 28.19, 44.19,
2022, 3, 0.083,263.08, 61.47, 29.40, 45.43,
2022, 4, 0.087,263.23, 64.69, 31.31, 48.00,
2022, 5, 0.095,265.06, 67.60, 29.89, 48.74,
2022, 6, 0.107,268.25, 70.24, 24.43, 47.33,
2022, 7, 0.122,271.43, 72.58, 17.98, 45.26,
2022, 8, 0.138,274.13, 74.85, 13.92, 44.36,
2022, 9, 0.156,276.81, 77.61, 11.08, 44.32,
2022,10, 0.167,278.36, 75.65, 14.45, 45.03,
2022,11, 0.176,279.87, 72.22, 16.56, 44.36,
2022,12, 0.189,282.82, 71.30, 14.07, 42.67,
2022,13, 0.199,285.12, 68.65, 13.07, 40.86,
2022,14, 0.210,286.81, 64.30, 13.72, 39.01,
2022,15, 0.226,288.40, 59.80, 17.85, 38.82,
2022,16, 0.248,290.20, 56.33, 23.56, 39.95,
2022,17, 0.276,291.81, 54.14, 29.15, 41.64,
2022,18, 0.306,293.34, 52.43, 32.38, 42.41,
2022,19, 0.336,294.86, 50.60, 31.29, 40.94,
2022,20, 0.364,295.97, 49.00, 31.53, 40.27,
2022,21, 0.389,297.11, 49.13, 28.07, 38.60,
2022,22, 0.408,297.85, 49.07, 24.74, 36.91,
2022,23, 0.425,298.26, 50.36, 24.01, 37.19,
2022,24, 0.442,298.81, 56.44, 19.98, 38.21,
2022,25, 0.453,298.97, 61.56, 19.19, 40.37,
2022,26, 0.460,298.80, 65.45, 20.90, 43.18,
2022,27, 0.466,298.36, 69.60, 27.11, 48.36,
2022,28, 0.469,297.75, 74.26, 35.74, 55.00,
2022,29, 0.470,297.31, 78.30, 42.71, 60.51,
2022,30, 0.459,296.68, 76.18, 51.92, 64.06,
2022,31, 0.448,296.25, 73.59, 56.67, 65.14,
2022,32, 0.432,295.65, 68.93, 60.78, 64.86,
2022,33, 0.416,295.05, 65.46, 61.77, 63.62,
2022,34, 0.399,294.59, 63.03, 58.78, 60.91,
2022,35, 0.374,293.41, 58.18, 59.89, 59.03,
2022,36, 0.343,291.67, 52.78, 63.50, 58.14,
2022,37, 0.306,289.67, 45.89, 67.95, 56.92,
2022,38, 0.283,288.24, 44.53, 65.56, 55.05,
2022,39, 0.272,287.24, 48.22, 56.74, 52.48,
2022,40, 0.261,286.10, 52.73, 45.88, 49.31,
2022,41, 0.242,284.49, 54.43, 39.21, 46.82,
2022,42, 0.215,282.64, 53.21, 31.95, 42.58,
2022,43, 0.184,280.76, 48.74, 26.61, 37.67,
2022,44, 0.150,278.63, 41.63, 21.40, 31.52,
2022,45, 0.123,275.87, 36.00, 24.66, 30.32,
2022,46, 0.104,272.76, 33.87, 28.85, 31.36,
2022,47, 0.087,268.74, 31.53, 38.08, 34.79,
2022,48, 0.076,265.80, 30.90, 45.12, 37.99,
2022,49, 0.070,263.79, 30.45, 47.47, 38.94,
2022,50, 0.068,262.26, 34.39, 47.32, 40.85,
2022,51, 0.068,261.59, 39.16, 43.40, 41.27,
2022,52, 0.067,261.92, 42.91, 38.81, 40.86,
2023, 1, 0.067,262.50, 45.93, 33.64, 39.79,
2023, 2, 0.068,261.67, 47.91, 35.26, 41.58,
2023, 3, 0.070,260.72, 50.02, 39.25, 44.62,
2023, 4, 0.075,261.32, 55.23, 39.33, 47.27,
2023, 5, 0.086,263.59, 60.94, 35.95, 48.43,
2023, 6, 0.101,266.83, 65.64, 30.13, 47.87,
2023, 7, 0.116,269.97, 68.92, 23.93, 46.40,
2023, 8, 0.130,272.43, 70.42, 20.96, 45.67,
2023, 9, 0.144,274.29, 71.47, 21.31, 46.37,
2023,10, 0.157,276.23, 70.84, 22.83, 46.81,
2023,11, 0.171,278.34, 69.82, 22.53, 46.15,
2023,12, 0.183,280.14, 68.02, 25.29, 46.65,
2023,13, 0.191,281.65, 64.45, 29.39, 46.92,
2023,14, 0.204,283.28, 61.54, 33.53, 47.53,
2023,15, 0.227,285.04, 60.56, 40.85, 50.71,
2023,16, 0.253,287.09, 59.24, 47.21, 53.22,
2023,17, 0.285,289.27, 59.05, 50.40, 54.72,
2023,18, 0.316,291.42, 57.57, 50.15, 53.86,
2023,19, 0.345,293.57, 55.82, 43.74, 49.78,
2023,20, 0.373,295.16, 54.18, 39.32, 46.75,
2023,21, 0.395,296.33, 52.87, 35.64, 44.25,
2023,22, 0.413,297.02, 52.19, 32.57, 42.38,
2023,23, 0.429,297.50, 53.57, 30.97, 42.27,
2023,24, 0.443,297.66, 57.93, 31.04, 44.49,
2023,25, 0.456,297.60, 63.54, 33.02, 48.28,
2023,26, 0.462,297.46, 66.87, 34.83, 50.85,
2023,27, 0.468,297.28, 71.01, 38.58, 54.79,
2023,28, 0.472,296.94, 75.89, 44.31, 60.10,
2023,29, 0.473,296.86, 79.31, 47.48, 63.40,
2023,30, 0.471,296.90, 81.87, 49.55, 65.72,
2023,31, 0.465,297.02, 82.53, 48.45, 65.50,
2023,32, 0.455,297.32, 81.66, 42.84, 62.25,
2023,33, 0.441,297.59, 79.49, 33.84, 56.67,
2023,34, 0.423,297.36, 76.43, 26.89, 51.66,
2023,35, 0.404,296.65, 74.56, 21.59, 48.08,
2023,36, 0.384,295.74, 73.76, 16.72, 45.24,
2023,37, 0.362,294.59, 74.13, 11.42, 42.78,
2023,38, 0.341,293.03, 73.75,  7.60, 40.68,
2023,39, 0.318,291.15, 72.34,  6.52, 39.42,
2023,40, 0.290,288.98, 69.00, 10.17, 39.58,
2023,41, 0.260,286.72, 65.45, 14.00, 39.72,
2023,42, 0.231,284.82, 62.87, 10.74, 36.80,
2023,43, 0.200,282.73, 58.74, 10.21, 34.47,
2023,44, 0.170,280.19, 53.59,  9.51, 31.55,
2023,45, 0.149,277.97, 53.05, 11.00, 32.02,
2023,46, 0.129,274.20, 51.80, 20.43, 36.11,
2023,47, 0.106,269.44, 46.66, 34.31, 40.48,
2023,48, 0.088,265.76, 40.70, 45.05, 42.86,
2023,49, 0.079,263.94, 38.54, 46.65, 42.58,
2023,50, 0.072,261.56, 37.58, 49.90, 43.73,
2023,51, 0.066,259.96, 37.28, 49.50, 43.38,
2023,52, 0.064,259.51, 39.16, 47.66, 43.41,
2024, 1, 0.060,258.78, 36.98, 47.72, 42.35,
2024, 2, 0.059,258.08, 37.79, 49.41, 43.60,
2024, 3, 0.064,258.42, 43.74, 48.44, 46.08,
2024, 4, 0.069,259.32, 48.87, 47.45, 48.15,
2024, 5, 0.076,261.74, 52.27, 43.73, 47.99,
2024, 6, 0.086,265.18, 55.60, 37.16, 46.37,
2024, 7, 0.105,269.40, 61.75, 26.61, 44.15,
2024, 8, 0.124,273.07, 66.99, 18.77, 42.85,
2024, 9, 0.146,276.26, 72.42, 13.59, 43.00,
2024,10, 0.161,278.79, 72.94, 12.70, 42.82,
2024,11, 0.175,280.71, 71.83, 13.15, 42.49,
2024,12, 0.194,283.41, 73.64, 11.74, 42.68,
2024,13, 0.210,285.52, 74.58, 11.49, 43.04,
2024,14, 0.228,287.12, 73.95, 12.33, 43.14,
2024,15, 0.253,289.27, 74.70, 11.90, 43.30,
2024,16, 0.282,291.44, 74.49, 13.67, 44.09,
2024,17, 0.313,292.86, 73.60, 19.36, 46.49,
2024,18, 0.342,293.74, 71.40, 27.61, 49.53,
2024,19, 0.368,294.76, 68.47, 31.59, 50.03,
2024,20, 0.391,295.42, 64.36, 36.74, 50.57,
2024,21, 0.408,295.77, 60.68, 41.29, 50.99,
2024,22, 0.421,295.71, 57.37, 45.49, 51.44,
2024,23, 0.448,296.94, 65.95, 36.22, 51.09,
2024,24, 0.464,297.11, 71.40, 36.32, 53.87,
2024,25, 0.479,297.69, 78.69, 32.09, 55.40,
2024,26, 0.485,298.16, 81.09, 27.60, 54.35,
2024,27, 0.485,298.49, 81.41, 25.95, 53.68,
2024,28, 0.482,298.81, 81.84, 24.48, 53.16,
2024,29, 0.475,298.86, 80.81, 26.03, 53.42,
2024,30, 0.466,298.74, 79.61, 30.38, 54.99,
2024,31, 0.455,298.66, 77.31, 31.42, 54.37,
2024,32, 0.441,298.75, 74.40, 27.83, 51.12,
2024,33, 0.425,298.85, 70.83, 20.33, 45.58,
2024,34, 0.404,298.53, 65.69, 13.60, 39.64,
2024,35, 0.380,297.74, 61.90,  8.75, 35.33,
2024,36, 0.359,296.67, 61.10,  5.96, 33.54,
2024,37, 0.338,295.21, 62.50,  4.30, 33.41,
2024,38, 0.320,293.34, 63.51,  3.81, 33.66,
2024,39, 0.301,291.33, 63.94,  4.37, 34.16,
2024,40, 0.282,289.31, 65.05,  6.16, 35.61,
2024,41, 0.262,287.17, 66.64,  9.11, 37.87,
2024,42, 0.238,285.09, 67.47,  8.24, 37.85,
2024,43, 0.214,283.01, 67.39,  7.97, 37.68,
2024,44, 0.190,280.67, 66.19,  5.73, 35.96,
2024,45, 0.169,278.88, 66.56,  5.03, 35.80,
2024,46, 0.145,276.40, 64.13,  7.91, 36.02,
2024,47, 0.123,273.57, 60.93, 13.79, 37.36,
2024,48, 0.104,270.28, 54.76, 25.04, 39.90,
2024,49, 0.091,268.05, 49.12, 29.95, 39.53,
2024,50, 0.083,266.38, 47.79, 31.17, 39.48,
2024,51, 0.077,265.11, 47.37, 29.80, 38.58,
2024,52, 0.078,265.66, 52.23, 24.26, 38.23,
2025, 1, 0.079,266.36, 57.10, 18.08, 37.58,
2025, 2, 0.079,265.88, 57.40, 17.89, 37.63,
2025, 3, 0.081,265.82, 60.02, 18.65, 39.34,
2025, 4, 0.088,266.63, 65.81, 18.29, 42.04,
2025, 5, 0.099,268.19, 70.74, 18.32, 44.52,
2025, 6, 0.109,270.07, 71.51, 18.17, 44.83,
2025, 7, 0.119,272.64, 71.24, 14.04, 42.64,
2025, 8, 0.133,275.42, 72.54,  9.47, 41.01,
2025, 9, 0.150,278.06, 74.63,  6.72, 40.68,
2025,10, 0.167,281.01, 75.78,  4.02, 39.90,
2025,11, 0.182,283.32, 75.34,  2.33, 38.83,
2025,12, 0.196,285.30, 74.73,  3.52, 39.11,
2025,13, 0.210,286.92, 74.21,  4.59, 39.40,
2025,14, 0.225,288.24, 72.47,  5.66, 39.07,
2025,15, 0.245,289.82, 70.37,  8.02, 39.20,
2025,16, 0.270,291.69, 68.14, 11.99, 40.08,
2025,17, 0.297,292.89, 64.73, 19.40, 42.08,
2025,18, 0.317,293.33, 58.31, 31.87, 45.12,
2025,19, 0.337,293.64, 51.45, 43.00, 47.25,
2025,20, 0.359,294.14, 46.31, 49.43, 47.90,
2025,21, 0.379,294.74, 43.69, 51.16, 47.44,
2025,22, 0.399,295.18, 43.69, 50.34, 47.02,
2025,23, 0.416,295.70, 45.66, 48.09, 46.88,
2025,24, 0.431,295.94, 51.12, 47.76, 49.45,
2025,25, 0.448,296.20, 59.79, 47.26, 53.53,
2025,26, 0.459,296.41, 65.95, 45.80, 55.88,
2025,27, 0.465,296.57, 69.48, 46.18, 57.83,
2025,28, 0.466,296.65, 72.73, 47.42, 60.08,
2025,29, 0.467,296.77, 76.12, 48.33, 62.23,
2025,30, 0.464,296.94, 78.76, 48.93, 63.84,
2025,31, 0.457,296.91, 78.53, 49.40, 63.97,
2025,32, 0.447,296.95, 77.96, 46.68, 62.32,
2025,33, 0.436,296.90, 77.54, 41.34, 59.44,
2025,34, 0.420,296.46, 75.34, 37.12, 56.23,
2025,35, 0.401,295.77, 73.80, 31.73, 52.77,
2025,36, 0.379,294.68, 71.85, 28.72, 50.29,
2025,37, 0.353,293.20, 70.40, 27.11, 48.76,
2025,38, 0.330,291.46, 69.25, 26.08, 47.67,
2025,39, 0.296,288.72, 61.44, 37.41, 49.43,
2025,40, 0.253,285.43, 49.00, 54.31, 51.65,
2025,41, 0.220,282.81, 42.01, 58.88, 50.43,
2025,42, 0.184,280.19, 34.57, 56.49, 45.50,
2025,43, 0.150,277.47, 28.81, 54.08, 41.43,
2025,44, 0.130,275.33, 28.85, 46.16, 37.48,
2025,45, 0.116,273.59, 30.60, 39.11, 34.84,
2025,46, 0.100,271.37, 29.98, 36.31, 33.14,
2025,47, 0.090,269.26, 32.19, 35.19, 33.69,
2025,48, 0.084,267.24, 36.08, 38.61, 37.35,
2025,49, 0.077,265.05, 35.36, 42.14, 38.74,
2025,50, 0.072,261.96, 36.04, 48.01, 42.02,
2025,51, 0.069,259.48, 37.66, 50.69, 44.17,
2025,52, 0.062,257.79, 35.14, 53.21, 44.16,
2026, 1, 0.056,256.27, 31.08, 56.04, 43.55,
2026, 2, 0.054,254.36, 29.89, 62.86, 46.37,
2026, 3, 0.051,252.60, 29.52, 70.32, 49.92,
2026, 4, 0.054,252.84, 32.85, 71.72, 52.28,
2026, 5, 0.059,255.29, 36.57, 67.52, 52.04,
2026, 6, 0.065,258.26, 37.68, 62.74, 50.20,
2026, 7, 0.073,261.90, 39.04, 55.11, 47.07,
2026, 8, 0.086,266.29, 42.80, 44.53, 43.67,
2026, 9, 0.105,271.09, 49.32, 32.91, 41.12,
2026,10, 0.129,275.74, 55.61, 23.90, 39.76,
2026,11, 0.146,278.34, 57.30, 21.85, 39.57,
2026,12, 0.156,279.84, 55.22, 25.95, 40.58,
2026,13,-1.000, -1.00, -1.00, -1.00, -1.00,
2026,14,-1.000, -1.00, -1.00, -1.00, -1.00,
2026,15,-1.000, -1.00, -1.00, -1.00, -1.00,
2026,16,-1.000, -1.00, -1.00, -1.00, -1.00,
2026,17,-1.000, -1.00, -1.00, -1.00, -1.00,
2026,18,-1.000, -1.00, -1.00, -1.00, -1.00,
2026,19,-1.000, -1.00, -1.00, -1.00, -1.00,
2026,20,-1.000, -1.00, -1.00, -1.00, -1.00,
2026,21,-1.000, -1.00, -1.00, -1.00, -1.00,
2026,22,-1.000, -1.00, -1.00, -1.00, -1.00,
2026,23,-1.000, -1.00, -1.00, -1.00, -1.00,
2026,24,-1.000, -1.00, -1.00, -1.00, -1.00,
2026,25,-1.000, -1.00, -1.00, -1.00, -1.00,
2026,26,-1.000, -1.00, -1.00, -1.00, -1.00,
2026,27,-1.000, -1.00, -1.00, -1.00, -1.00,
2026,28,-1.000, -1.00, -1.00, -1.00, -1.00,
2026,29,-1.000, -1.00, -1.00, -1.00, -1.00,
2026,30,-1.000, -1.00, -1.00, -1.00, -1.00,
2026,31,-1.000, -1.00, -1.00, -1.00, -1.00,
2026,32,-1.000, -1.00, -1.00, -1.00, -1.00,
2026,33,-1.000, -1.00, -1.00, -1.00, -1.00,
2026,34,-1.000, -1.00, -1.00, -1.00, -1.00,
2026,35,-1.000, -1.00, -1.00, -1.00, -1.00,
2026,36,-1.000, -1.00, -1.00, -1.00, -1.00,
2026,37,-1.000, -1.00, -1.00, -1.00, -1.00,
2026,38,-1.000, -1.00, -1.00, -1.00, -1.00,
2026,39,-1.000, -1.00, -1.00, -1.00, -1.00,
2026,40,-1.000, -1.00, -1.00, -1.00, -1.00,
2026,41,-1.000, -1.00, -1.00, -1.00, -1.00,
2026,42,-1.000, -1.00, -1.00, -1.00, -1.00,
2026,43,-1.000, -1.00, -1.00, -1.00, -1.00,
2026,44,-1.000, -1.00, -1.00, -1.00, -1.00,
2026,45,-1.000, -1.00, -1.00, -1.00, -1.00,
2026,46,-1.000, -1.00, -1.00, -1.00, -1.00,
2026,47,-1.000, -1.00, -1.00, -1.00, -1.00,
2026,48,-1.000, -1.00, -1.00, -1.00, -1.00,
2026,49,-1.000, -1.00, -1.00, -1.00, -1.00,
2026,50,-1.000, -1.00, -1.00, -1.00, -1.00,
2026,51,-1.000, -1.00, -1.00, -1.00, -1.00,
2026,52,-1.000, -1.00, -1.00, -1.00, -1.00,
</tt>